FIPS,Province_State,Admin2,Confirmed,Deaths,Daily_Confirmed,Daily_Deaths
1001.0,Alabama,Autauga,62,4,4.0,1.0
1003.0,Alabama,Baldwin,211,5,4.0,0.0
1005.0,Alabama,Barbour,52,1,2.0,0.0
1007.0,Alabama,Bibb,44,1,0.0,1.0
1009.0,Alabama,Blount,47,0,1.0,0.0
1011.0,Alabama,Bullock,20,1,3.0,0.0
1013.0,Alabama,Butler,159,3,7.0,1.0
1015.0,Alabama,Calhoun,129,3,3.0,0.0
1017.0,Alabama,Chambers,320,21,3.0,0.0
1019.0,Alabama,Cherokee,22,0,2.0,0.0
1021.0,Alabama,Chilton,69,1,0.0,0.0
1023.0,Alabama,Choctaw,60,0,3.0,0.0
1025.0,Alabama,Clarke,51,1,3.0,0.0
1027.0,Alabama,Clay,23,1,1.0,0.0
1029.0,Alabama,Cleburne,13,1,0.0,0.0
1031.0,Alabama,Coffee,140,0,2.0,0.0
1033.0,Alabama,Colbert,66,2,10.0,0.0
1035.0,Alabama,Conecuh,12,0,0.0,0.0
1037.0,Alabama,Coosa,31,1,0.0,0.0
1039.0,Alabama,Covington,53,1,2.0,0.0
1041.0,Alabama,Crenshaw,36,0,2.0,0.0
1043.0,Alabama,Cullman,64,0,1.0,0.0
1045.0,Alabama,Dale,40,0,4.0,0.0
1047.0,Alabama,Dallas,92,3,11.0,0.0
1049.0,Alabama,DeKalb,134,2,11.0,0.0
1051.0,Alabama,Elmore,129,4,3.0,0.0
1053.0,Alabama,Escambia,35,3,2.0,0.0
1055.0,Alabama,Etowah,159,10,4.0,0.0
1057.0,Alabama,Fayette,9,0,0.0,0.0
1059.0,Alabama,Franklin,204,1,17.0,0.0
1061.0,Alabama,Geneva,14,0,1.0,0.0
1063.0,Alabama,Greene,74,3,4.0,1.0
1065.0,Alabama,Hale,63,2,0.0,0.0
1067.0,Alabama,Henry,26,1,0.0,0.0
1069.0,Alabama,Houston,104,4,1.0,0.0
1071.0,Alabama,Jackson,58,2,2.0,0.0
1073.0,Alabama,Jefferson,1100,59,28.0,2.0
1075.0,Alabama,Lamar,14,0,1.0,0.0
1077.0,Alabama,Lauderdale,84,2,8.0,0.0
1079.0,Alabama,Lawrence,21,0,2.0,0.0
1081.0,Alabama,Lee,421,30,3.0,0.0
1083.0,Alabama,Limestone,58,0,1.0,0.0
1085.0,Alabama,Lowndes,90,5,3.0,0.0
1087.0,Alabama,Macon,44,2,1.0,0.0
1089.0,Alabama,Madison,256,4,3.0,0.0
1091.0,Alabama,Marengo,71,4,3.0,1.0
1093.0,Alabama,Marion,94,7,1.0,0.0
1095.0,Alabama,Marshall,517,8,35.0,0.0
1097.0,Alabama,Mobile,1407,81,51.0,3.0
1099.0,Alabama,Monroe,14,1,0.0,0.0
1101.0,Alabama,Montgomery,528,15,18.0,2.0
1103.0,Alabama,Morgan,87,0,3.0,0.0
80001.0,Alabama,Out of AL,0,0,0.0,0.0
1105.0,Alabama,Perry,18,0,0.0,0.0
1107.0,Alabama,Pickens,65,2,3.0,0.0
1109.0,Alabama,Pike,88,0,2.0,0.0
1111.0,Alabama,Randolph,103,6,2.0,0.0
1113.0,Alabama,Russell,69,0,4.0,0.0
1117.0,Alabama,Shelby,362,17,10.0,1.0
1115.0,Alabama,St. Clair,85,1,1.0,0.0
1119.0,Alabama,Sumter,90,4,1.0,0.0
1121.0,Alabama,Talladega,74,2,1.0,0.0
1123.0,Alabama,Tallapoosa,319,41,2.0,1.0
1125.0,Alabama,Tuscaloosa,280,4,9.0,0.0
90001.0,Alabama,Unassigned,0,0,0.0,0.0
1127.0,Alabama,Walker,110,0,2.0,0.0
1129.0,Alabama,Washington,49,2,5.0,0.0
1131.0,Alabama,Wilcox,76,4,4.0,0.0
1133.0,Alabama,Winston,18,0,2.0,0.0
2013.0,Alaska,Aleutians East,0,0,0.0,0.0
2016.0,Alaska,Aleutians West,0,0,0.0,0.0
2020.0,Alaska,Anchorage,197,4,3.0,0.0
2050.0,Alaska,Bethel,1,0,0.0,0.0
2060.0,Alaska,Bristol Bay,0,0,0.0,0.0
2164.0,Alaska,Bristol Bay plus Lake and Peninsula,0,0,0.0,0.0
2068.0,Alaska,Denali,0,0,0.0,0.0
2070.0,Alaska,Dillingham,0,0,0.0,0.0
2090.0,Alaska,Fairbanks North Star,84,2,0.0,0.0
2100.0,Alaska,Haines,0,0,0.0,0.0
2105.0,Alaska,Hoonah-Angoon,0,0,0.0,0.0
2110.0,Alaska,Juneau,27,0,0.0,0.0
2122.0,Alaska,Kenai Peninsula,23,2,0.0,0.0
2130.0,Alaska,Ketchikan Gateway,16,0,0.0,0.0
2150.0,Alaska,Kodiak Island,1,0,0.0,0.0
2158.0,Alaska,Kusilvak,0,0,0.0,0.0
2170.0,Alaska,Matanuska-Susitna,21,1,0.0,0.0
2180.0,Alaska,Nome,1,0,0.0,0.0
2185.0,Alaska,North Slope,0,0,0.0,0.0
2188.0,Alaska,Northwest Arctic,0,0,0.0,0.0
80002.0,Alaska,Out of AK,0,0,0.0,0.0
2195.0,Alaska,Petersburg,4,1,0.0,0.0
2198.0,Alaska,Prince of Wales-Hyder,2,0,0.0,0.0
2220.0,Alaska,Sitka,1,0,0.0,0.0
2230.0,Alaska,Skagway,0,0,0.0,0.0
2240.0,Alaska,Southeast Fairbanks,3,0,0.0,0.0
90002.0,Alaska,Unassigned,0,0,0.0,0.0
2261.0,Alaska,Valdez-Cordova,1,0,0.0,0.0
2275.0,Alaska,Wrangell,0,0,0.0,0.0
2282.0,Alaska,Yakutat,0,0,0.0,0.0
2290.0,Alaska,Yukon-Koyukuk,1,0,0.0,0.0
60.0,American Samoa,American Samoa,0,0,0.0,0.0
4001.0,Arizona,Apache,671,10,41.0,3.0
4003.0,Arizona,Cochise,41,1,1.0,1.0
4005.0,Arizona,Coconino,659,55,41.0,6.0
4007.0,Arizona,Gila,19,1,2.0,1.0
4009.0,Arizona,Graham,18,0,-1.0,0.0
4011.0,Arizona,Greenlee,2,0,0.0,0.0
4012.0,Arizona,La Paz,22,1,2.0,0.0
4013.0,Arizona,Maricopa,5525,238,329.0,34.0
4015.0,Arizona,Mohave,171,20,13.0,1.0
4017.0,Arizona,Navajo,945,35,33.0,3.0
80004.0,Arizona,Out of AZ,0,0,0.0,0.0
4019.0,Arizona,Pima,1520,131,55.0,13.0
4021.0,Arizona,Pinal,566,19,36.0,4.0
4023.0,Arizona,Santa Cruz,38,0,0.0,0.0
90004.0,Arizona,Unassigned,0,1,0.0,0.0
4025.0,Arizona,Yavapai,170,4,18.0,1.0
4027.0,Arizona,Yuma,159,1,11.0,0.0
5001.0,Arkansas,Arkansas,2,0,0.0,0.0
5003.0,Arkansas,Ashley,17,0,0.0,0.0
5005.0,Arkansas,Baxter,5,0,0.0,0.0
5007.0,Arkansas,Benton,116,0,3.0,0.0
5009.0,Arkansas,Boone,4,0,0.0,0.0
5011.0,Arkansas,Bradley,11,1,0.0,0.0
5013.0,Arkansas,Calhoun,0,0,0.0,0.0
5015.0,Arkansas,Carroll,6,0,0.0,0.0
5017.0,Arkansas,Chicot,10,0,0.0,0.0
5019.0,Arkansas,Clark,32,0,0.0,0.0
5021.0,Arkansas,Clay,3,0,0.0,0.0
5023.0,Arkansas,Cleburne,72,4,0.0,0.0
5025.0,Arkansas,Cleveland,13,0,1.0,0.0
5027.0,Arkansas,Columbia,15,2,0.0,0.0
5029.0,Arkansas,Conway,13,1,0.0,0.0
5031.0,Arkansas,Craighead,92,0,0.0,0.0
5033.0,Arkansas,Crawford,5,0,0.0,0.0
5035.0,Arkansas,Crittenden,205,7,2.0,0.0
5037.0,Arkansas,Cross,27,0,0.0,0.0
5039.0,Arkansas,Dallas,1,0,0.0,0.0
5041.0,Arkansas,Desha,16,0,-1.0,0.0
5043.0,Arkansas,Drew,19,1,0.0,0.0
5045.0,Arkansas,Faulkner,81,2,0.0,0.0
5047.0,Arkansas,Franklin,2,0,0.0,0.0
5049.0,Arkansas,Fulton,3,0,0.0,0.0
5051.0,Arkansas,Garland,118,1,0.0,0.0
5053.0,Arkansas,Grant,15,0,1.0,0.0
5055.0,Arkansas,Greene,22,0,0.0,0.0
5057.0,Arkansas,Hempstead,7,1,0.0,0.0
5059.0,Arkansas,Hot Spring,22,0,0.0,0.0
5061.0,Arkansas,Howard,14,0,0.0,0.0
5063.0,Arkansas,Independence,12,0,0.0,0.0
5065.0,Arkansas,Izard,11,0,0.0,0.0
5067.0,Arkansas,Jackson,1,0,0.0,0.0
5069.0,Arkansas,Jefferson,226,19,3.0,0.0
5071.0,Arkansas,Johnson,34,0,1.0,0.0
5073.0,Arkansas,Lafayette,9,1,0.0,0.0
5075.0,Arkansas,Lawrence,69,4,0.0,0.0
5077.0,Arkansas,Lee,4,1,0.0,0.0
5079.0,Arkansas,Lincoln,907,6,8.0,0.0
5081.0,Arkansas,Little River,0,0,0.0,0.0
5083.0,Arkansas,Logan,3,0,0.0,0.0
5085.0,Arkansas,Lonoke,44,0,0.0,0.0
5087.0,Arkansas,Madison,1,0,0.0,0.0
5089.0,Arkansas,Marion,1,0,0.0,0.0
5091.0,Arkansas,Miller,36,1,1.0,0.0
5093.0,Arkansas,Mississippi,47,0,5.0,0.0
5095.0,Arkansas,Monroe,4,0,0.0,0.0
5097.0,Arkansas,Montgomery,1,0,0.0,0.0
5099.0,Arkansas,Nevada,3,0,0.0,0.0
5101.0,Arkansas,Newton,3,0,0.0,0.0
5103.0,Arkansas,Ouachita,8,0,0.0,0.0
80005.0,Arkansas,Out of AR,0,0,0.0,0.0
5105.0,Arkansas,Perry,7,0,0.0,0.0
5107.0,Arkansas,Phillips,4,1,-1.0,0.0
5109.0,Arkansas,Pike,3,0,0.0,0.0
5111.0,Arkansas,Poinsett,25,2,0.0,0.0
5113.0,Arkansas,Polk,7,0,0.0,0.0
5115.0,Arkansas,Pope,47,0,0.0,0.0
5117.0,Arkansas,Prairie,2,0,0.0,0.0
5119.0,Arkansas,Pulaski,603,22,15.0,0.0
5121.0,Arkansas,Randolph,21,0,0.0,0.0
5125.0,Arkansas,Saline,72,1,2.0,0.0
5127.0,Arkansas,Scott,1,0,0.0,0.0
5129.0,Arkansas,Searcy,6,0,0.0,0.0
5131.0,Arkansas,Sebastian,14,0,0.0,0.0
5133.0,Arkansas,Sevier,16,1,2.0,0.0
5135.0,Arkansas,Sharp,8,1,0.0,1.0
5123.0,Arkansas,St. Francis,108,0,4.0,0.0
5137.0,Arkansas,Stone,8,0,0.0,0.0
90005.0,Arkansas,Unassigned,154,0,-5.0,0.0
5139.0,Arkansas,Union,73,1,0.0,0.0
5141.0,Arkansas,Van Buren,28,2,0.0,0.0
5143.0,Arkansas,Washington,105,3,3.0,0.0
5145.0,Arkansas,White,35,1,0.0,0.0
5147.0,Arkansas,Woodruff,1,0,0.0,0.0
5149.0,Arkansas,Yell,7,1,0.0,0.0
6001.0,California,Alameda,1961,70,44.0,3.0
6003.0,California,Alpine,2,0,0.0,0.0
6005.0,California,Amador,8,0,0.0,0.0
6007.0,California,Butte,18,0,0.0,0.0
6009.0,California,Calaveras,13,0,0.0,0.0
6011.0,California,Colusa,3,0,0.0,0.0
6013.0,California,Contra Costa,1014,29,15.0,0.0
6015.0,California,Del Norte,3,0,0.0,0.0
6017.0,California,El Dorado,54,0,0.0,0.0
6019.0,California,Fresno,813,9,36.0,0.0
6021.0,California,Glenn,6,0,1.0,0.0
6023.0,California,Humboldt,55,0,0.0,0.0
6025.0,California,Imperial,512,12,57.0,1.0
6027.0,California,Inyo,19,1,0.0,0.0
6029.0,California,Kern,1166,15,33.0,2.0
6031.0,California,Kings,244,1,11.0,0.0
6033.0,California,Lake,8,0,0.0,0.0
6035.0,California,Lassen,0,0,0.0,0.0
6037.0,California,Los Angeles,30319,1470,808.0,52.0
6039.0,California,Madera,62,2,7.0,0.0
6041.0,California,Marin,255,14,8.0,0.0
6043.0,California,Mariposa,15,0,0.0,0.0
6045.0,California,Mendocino,12,0,0.0,0.0
6047.0,California,Merced,157,3,2.0,0.0
6049.0,California,Modoc,0,0,0.0,0.0
6051.0,California,Mono,28,1,0.0,0.0
6053.0,California,Monterey,250,6,3.0,0.0
6055.0,California,Napa,78,2,0.0,0.0
6057.0,California,Nevada,41,1,0.0,0.0
6059.0,California,Orange,3240,71,148.0,5.0
80006.0,California,Out of CA,0,0,0.0,0.0
6061.0,California,Placer,165,8,0.0,0.0
6063.0,California,Plumas,4,0,0.0,0.0
6065.0,California,Riverside,4756,192,0.0,0.0
6067.0,California,Sacramento,1160,50,7.0,1.0
6069.0,California,San Benito,54,2,1.0,0.0
6071.0,California,San Bernardino,2629,111,67.0,3.0
6073.0,California,San Diego,4429,165,110.0,7.0
6075.0,California,San Francisco,1853,33,47.0,1.0
6077.0,California,San Joaquin,597,28,16.0,0.0
6079.0,California,San Luis Obispo,211,1,0.0,0.0
6081.0,California,San Mateo,1397,56,20.0,0.0
6083.0,California,Santa Barbara,722,10,109.0,1.0
6085.0,California,Santa Clara,2290,128,9.0,1.0
6087.0,California,Santa Cruz,140,2,1.0,0.0
6089.0,California,Shasta,31,4,0.0,0.0
6091.0,California,Sierra,0,0,0.0,0.0
6093.0,California,Siskiyou,5,0,0.0,0.0
6095.0,California,Solano,342,7,5.0,0.0
6097.0,California,Sonoma,292,3,6.0,0.0
6099.0,California,Stanislaus,476,19,15.0,2.0
6101.0,California,Sutter,31,2,0.0,0.0
6103.0,California,Tehama,1,1,0.0,0.0
6105.0,California,Trinity,0,0,0.0,0.0
6107.0,California,Tulare,1013,44,44.0,1.0
6109.0,California,Tuolumne,2,0,0.0,0.0
90006.0,California,Unassigned,0,0,0.0,-2.0
6111.0,California,Ventura,652,19,21.0,0.0
6113.0,California,Yolo,172,20,0.0,0.0
6115.0,California,Yuba,20,1,1.0,0.0
8001.0,Colorado,Adams,2117,80,71.0,2.0
8003.0,Colorado,Alamosa,25,2,0.0,0.0
8005.0,Colorado,Arapahoe,3148,177,59.0,5.0
8007.0,Colorado,Archuleta,8,0,0.0,0.0
8009.0,Colorado,Baca,12,0,0.0,0.0
8011.0,Colorado,Bent,0,0,0.0,0.0
8013.0,Colorado,Boulder,743,50,23.0,1.0
8014.0,Colorado,Broomfield,191,16,5.0,0.0
8015.0,Colorado,Chaffee,68,16,0.0,0.0
8017.0,Colorado,Cheyenne,2,0,2.0,0.0
8019.0,Colorado,Clear Creek,14,1,1.0,0.0
8021.0,Colorado,Conejos,1,0,1.0,0.0
8023.0,Colorado,Costilla,3,0,0.0,0.0
8025.0,Colorado,Crowley,25,1,21.0,0.0
8027.0,Colorado,Custer,2,0,0.0,0.0
8029.0,Colorado,Delta,54,1,1.0,0.0
8031.0,Colorado,Denver,3892,202,93.0,3.0
8033.0,Colorado,Dolores,0,0,0.0,0.0
8035.0,Colorado,Douglas,584,27,11.0,1.0
8037.0,Colorado,Eagle,555,7,1.0,0.0
8041.0,Colorado,El Paso,1097,78,18.0,1.0
8039.0,Colorado,Elbert,39,1,2.0,0.0
8043.0,Colorado,Fremont,23,0,0.0,0.0
8045.0,Colorado,Garfield,102,2,2.0,0.0
8047.0,Colorado,Gilpin,1,0,0.0,0.0
8049.0,Colorado,Grand,5,0,0.0,0.0
8051.0,Colorado,Gunnison,173,6,0.0,0.0
8053.0,Colorado,Hinsdale,3,0,0.0,0.0
8055.0,Colorado,Huerfano,3,0,1.0,0.0
8057.0,Colorado,Jackson,0,0,0.0,0.0
8059.0,Colorado,Jefferson,1574,93,32.0,3.0
8061.0,Colorado,Kiowa,0,0,0.0,0.0
8063.0,Colorado,Kit Carson,24,2,0.0,0.0
8067.0,Colorado,La Plata,64,0,1.0,0.0
8065.0,Colorado,Lake,23,0,0.0,0.0
8069.0,Colorado,Larimer,437,18,14.0,0.0
8071.0,Colorado,Las Animas,4,0,0.0,0.0
8073.0,Colorado,Lincoln,3,0,0.0,0.0
8075.0,Colorado,Logan,350,2,32.0,0.0
8077.0,Colorado,Mesa,50,0,0.0,0.0
8079.0,Colorado,Mineral,2,0,0.0,0.0
8081.0,Colorado,Moffat,6,0,0.0,0.0
8083.0,Colorado,Montezuma,23,2,2.0,0.0
8085.0,Colorado,Montrose,121,11,7.0,0.0
8087.0,Colorado,Morgan,463,22,15.0,0.0
8089.0,Colorado,Otero,10,1,0.0,0.0
8091.0,Colorado,Ouray,6,1,1.0,0.0
80008.0,Colorado,Out of CO,0,2,0.0,0.0
8093.0,Colorado,Park,15,0,0.0,0.0
8095.0,Colorado,Phillips,7,0,0.0,0.0
8097.0,Colorado,Pitkin,54,2,0.0,0.0
8099.0,Colorado,Prowers,8,0,0.0,0.0
8101.0,Colorado,Pueblo,170,12,7.0,0.0
8103.0,Colorado,Rio Blanco,1,0,0.0,0.0
8105.0,Colorado,Rio Grande,7,0,0.0,0.0
8107.0,Colorado,Routt,58,6,0.0,0.0
8109.0,Colorado,Saguache,4,0,1.0,0.0
8111.0,Colorado,San Juan,1,0,0.0,0.0
8113.0,Colorado,San Miguel,20,0,0.0,0.0
8115.0,Colorado,Sedgwick,0,0,0.0,0.0
8117.0,Colorado,Summit,156,1,1.0,0.0
8119.0,Colorado,Teller,30,2,0.0,0.0
90008.0,Colorado,Unassigned,140,3,-13.0,0.0
8121.0,Colorado,Washington,9,0,0.0,0.0
8123.0,Colorado,Weld,2087,113,45.0,0.0
8125.0,Colorado,Yuma,10,0,0.0,0.0
9001.0,Connecticut,Fairfield,12879,1006,200.0,29.0
9003.0,Connecticut,Hartford,6904,884,154.0,17.0
9005.0,Connecticut,Litchfield,1130,103,16.0,-1.0
9007.0,Connecticut,Middlesex,775,108,11.0,4.0
9009.0,Connecticut,New Haven,8887,669,209.0,26.0
9011.0,Connecticut,New London,755,50,13.0,1.0
80009.0,Connecticut,Out of CT,0,0,0.0,0.0
9013.0,Connecticut,Tolland,530,46,8.0,0.0
90009.0,Connecticut,Unassigned,302,3,17.0,1.0
9015.0,Connecticut,Windham,249,5,-1.0,0.0
10001.0,Delaware,Kent,963,36,18.0,2.0
10003.0,Delaware,New Castle,2184,91,54.0,2.0
80010.0,Delaware,Out of DE,0,0,0.0,0.0
10005.0,Delaware,Sussex,2936,86,102.0,7.0
90010.0,Delaware,Unassigned,28,0,-2.0,0.0
88888.0,Diamond Princess,Diamond Princess,49,0,0.0,0.0
11001.0,District of Columbia,District of Columbia,5899,304,245.0,19.0
80011.0,District of Columbia,Out of DC,0,0,0.0,0.0
90011.0,District of Columbia,Unassigned,0,0,0.0,0.0
12001.0,Florida,Alachua,306,5,6.0,0.0
12003.0,Florida,Baker,24,3,2.0,0.0
12005.0,Florida,Bay,76,3,0.0,0.0
12007.0,Florida,Bradford,48,2,0.0,0.0
12009.0,Florida,Brevard,326,9,1.0,1.0
12011.0,Florida,Broward,5688,248,11.0,18.0
12013.0,Florida,Calhoun,24,0,0.0,0.0
12015.0,Florida,Charlotte,312,31,8.0,1.0
12017.0,Florida,Citrus,102,11,0.0,0.0
12019.0,Florida,Clay,293,19,1.0,0.0
12021.0,Florida,Collier,712,27,7.0,0.0
12023.0,Florida,Columbia,102,2,1.0,0.0
12027.0,Florida,DeSoto,42,5,0.0,0.0
12029.0,Florida,Dixie,12,0,1.0,0.0
12031.0,Florida,Duval,1088,29,5.0,1.0
12033.0,Florida,Escambia,618,18,2.0,2.0
12035.0,Florida,Flagler,147,3,2.0,-1.0
12037.0,Florida,Franklin,2,0,0.0,0.0
12039.0,Florida,Gadsden,123,0,2.0,0.0
12041.0,Florida,Gilchrist,6,0,0.0,0.0
12043.0,Florida,Glades,6,1,0.0,0.0
12045.0,Florida,Gulf,1,0,0.0,0.0
12047.0,Florida,Hamilton,8,0,1.0,0.0
12049.0,Florida,Hardee,35,0,0.0,0.0
12051.0,Florida,Hendry,133,5,4.0,0.0
12053.0,Florida,Hernando,98,5,1.0,0.0
12055.0,Florida,Highlands,93,8,3.0,1.0
12057.0,Florida,Hillsborough,1371,37,7.0,1.0
12059.0,Florida,Holmes,10,0,0.0,0.0
12061.0,Florida,Indian River,100,8,1.0,0.0
12063.0,Florida,Jackson,74,0,43.0,0.0
12065.0,Florida,Jefferson,28,2,0.0,0.0
12067.0,Florida,Lafayette,3,0,0.0,0.0
12069.0,Florida,Lake,237,14,0.0,0.0
12071.0,Florida,Lee,1219,62,7.0,8.0
12073.0,Florida,Leon,249,6,0.0,0.0
12075.0,Florida,Levy,20,0,0.0,0.0
12077.0,Florida,Liberty,196,0,82.0,0.0
12079.0,Florida,Madison,61,3,0.0,0.0
12081.0,Florida,Manatee,742,72,5.0,4.0
12083.0,Florida,Marion,202,5,0.0,0.0
12085.0,Florida,Martin,243,6,10.0,0.0
12086.0,Florida,Miami-Dade,13664,468,79.0,14.0
12087.0,Florida,Monroe,80,3,0.0,0.0
12089.0,Florida,Nassau,60,1,0.0,0.0
12091.0,Florida,Okaloosa,165,5,2.0,0.0
12093.0,Florida,Okeechobee,23,0,1.0,0.0
12095.0,Florida,Orange,1478,35,4.0,-1.0
12097.0,Florida,Osceola,554,12,10.0,1.0
80012.0,Florida,Out of FL,0,0,0.0,0.0
12099.0,Florida,Palm Beach,3615,229,28.0,7.0
12101.0,Florida,Pasco,291,9,2.0,0.0
12103.0,Florida,Pinellas,828,59,8.0,3.0
12105.0,Florida,Polk,601,31,7.0,1.0
12107.0,Florida,Putnam,120,4,0.0,0.0
12113.0,Florida,Santa Rosa,162,9,2.0,1.0
12115.0,Florida,Sarasota,416,54,4.0,3.0
12117.0,Florida,Seminole,410,10,0.0,2.0
12109.0,Florida,St. Johns,223,4,1.0,0.0
12111.0,Florida,St. Lucie,275,25,4.0,0.0
12119.0,Florida,Sumter,239,14,1.0,0.0
12121.0,Florida,Suwannee,145,18,1.0,1.0
12123.0,Florida,Taylor,3,0,0.0,0.0
90012.0,Florida,Unassigned,33,0,0.0,0.0
12125.0,Florida,Union,5,0,0.0,0.0
12127.0,Florida,Volusia,537,28,3.0,1.0
12129.0,Florida,Wakulla,29,1,0.0,0.0
12131.0,Florida,Walton,51,1,1.0,0.0
12133.0,Florida,Washington,12,0,0.0,0.0
13001.0,Georgia,Appling,89,10,1.0,0.0
13003.0,Georgia,Atkinson,20,1,0.0,0.0
13005.0,Georgia,Bacon,35,1,3.0,0.0
13007.0,Georgia,Baker,31,2,2.0,0.0
13009.0,Georgia,Baldwin,271,12,1.0,2.0
13011.0,Georgia,Banks,35,0,0.0,0.0
13013.0,Georgia,Barrow,192,5,1.0,0.0
13015.0,Georgia,Bartow,361,31,1.0,-1.0
13017.0,Georgia,Ben Hill,39,0,1.0,0.0
13019.0,Georgia,Berrien,19,0,0.0,0.0
13021.0,Georgia,Bibb,384,15,5.0,1.0
13023.0,Georgia,Bleckley,26,0,4.0,0.0
13025.0,Georgia,Brantley,23,2,0.0,0.0
13027.0,Georgia,Brooks,64,7,0.0,0.0
13029.0,Georgia,Bryan,59,4,2.0,0.0
13031.0,Georgia,Bulloch,42,2,1.0,0.0
13033.0,Georgia,Burke,101,4,11.0,1.0
13035.0,Georgia,Butts,171,17,4.0,0.0
13037.0,Georgia,Calhoun,113,5,3.0,0.0
13039.0,Georgia,Camden,35,1,0.0,0.0
13043.0,Georgia,Candler,7,0,0.0,0.0
13045.0,Georgia,Carroll,390,17,1.0,1.0
13047.0,Georgia,Catoosa,52,0,0.0,0.0
13049.0,Georgia,Charlton,17,0,3.0,0.0
13051.0,Georgia,Chatham,291,12,6.0,0.0
13053.0,Georgia,Chattahoochee,12,0,-1.0,0.0
13055.0,Georgia,Chattooga,16,2,0.0,0.0
13057.0,Georgia,Cherokee,578,17,9.0,0.0
13059.0,Georgia,Clarke,180,13,4.0,0.0
13061.0,Georgia,Clay,27,3,0.0,0.0
13063.0,Georgia,Clayton,888,34,10.0,0.0
13065.0,Georgia,Clinch,16,0,0.0,0.0
13067.0,Georgia,Cobb,2072,113,48.0,5.0
13069.0,Georgia,Coffee,171,9,6.0,1.0
13071.0,Georgia,Colquitt,202,10,1.0,0.0
13073.0,Georgia,Columbia,178,5,8.0,0.0
13075.0,Georgia,Cook,31,1,0.0,0.0
13077.0,Georgia,Coweta,257,4,0.0,0.0
13079.0,Georgia,Crawford,19,0,0.0,0.0
13081.0,Georgia,Crisp,182,6,1.0,0.0
13083.0,Georgia,Dade,16,1,0.0,0.0
13085.0,Georgia,Dawson,75,1,2.0,0.0
13089.0,Georgia,DeKalb,2445,69,49.0,7.0
13087.0,Georgia,Decatur,109,2,4.0,0.0
13091.0,Georgia,Dodge,32,1,1.0,0.0
13093.0,Georgia,Dooly,140,12,5.0,-1.0
13095.0,Georgia,Dougherty,1583,126,17.0,0.0
13097.0,Georgia,Douglas,398,11,32.0,0.0
13099.0,Georgia,Early,224,26,0.0,0.0
13101.0,Georgia,Echols,6,0,0.0,0.0
13103.0,Georgia,Effingham,37,1,-1.0,0.0
13105.0,Georgia,Elbert,37,0,3.0,0.0
13107.0,Georgia,Emanuel,23,1,0.0,1.0
13109.0,Georgia,Evans,5,0,0.0,0.0
13111.0,Georgia,Fannin,34,1,0.0,0.0
13113.0,Georgia,Fayette,190,12,-1.0,0.0
13115.0,Georgia,Floyd,155,12,0.0,0.0
13117.0,Georgia,Forsyth,364,10,3.0,0.0
13119.0,Georgia,Franklin,26,1,1.0,0.0
13121.0,Georgia,Fulton,3317,144,59.0,7.0
13123.0,Georgia,Gilmer,89,0,0.0,0.0
13125.0,Georgia,Glascock,1,1,0.0,0.0
13127.0,Georgia,Glynn,72,1,1.0,0.0
13129.0,Georgia,Gordon,121,15,1.0,0.0
13131.0,Georgia,Grady,83,4,3.0,0.0
13133.0,Georgia,Greene,57,5,1.0,0.0
13135.0,Georgia,Gwinnett,2323,87,70.0,3.0
13137.0,Georgia,Habersham,386,16,3.0,1.0
13139.0,Georgia,Hall,1997,28,39.0,1.0
13141.0,Georgia,Hancock,119,3,2.0,0.0
13143.0,Georgia,Haralson,32,2,0.0,0.0
13145.0,Georgia,Harris,62,2,1.0,0.0
13147.0,Georgia,Hart,15,0,0.0,0.0
13149.0,Georgia,Heard,14,1,0.0,0.0
13151.0,Georgia,Henry,566,14,7.0,0.0
13153.0,Georgia,Houston,284,15,3.0,0.0
13155.0,Georgia,Irwin,21,1,0.0,0.0
13157.0,Georgia,Jackson,122,3,3.0,0.0
13159.0,Georgia,Jasper,26,0,0.0,0.0
13161.0,Georgia,Jeff Davis,24,1,2.0,0.0
13163.0,Georgia,Jefferson,17,1,0.0,0.0
13165.0,Georgia,Jenkins,17,1,0.0,0.0
13167.0,Georgia,Johnson,65,2,1.0,0.0
13169.0,Georgia,Jones,31,0,0.0,0.0
13171.0,Georgia,Lamar,39,1,1.0,0.0
13173.0,Georgia,Lanier,10,2,0.0,1.0
13175.0,Georgia,Laurens,77,1,5.0,0.0
13177.0,Georgia,Lee,339,22,0.0,0.0
13179.0,Georgia,Liberty,43,0,2.0,0.0
13181.0,Georgia,Lincoln,12,0,0.0,0.0
13183.0,Georgia,Long,5,0,0.0,0.0
13185.0,Georgia,Lowndes,183,4,10.0,0.0
13187.0,Georgia,Lumpkin,76,1,0.0,0.0
13193.0,Georgia,Macon,81,4,0.0,1.0
13195.0,Georgia,Madison,28,1,0.0,0.0
13197.0,Georgia,Marion,39,1,2.0,0.0
13189.0,Georgia,McDuffie,50,4,0.0,0.0
13191.0,Georgia,McIntosh,6,0,0.0,0.0
13199.0,Georgia,Meriwether,62,1,1.0,0.0
13201.0,Georgia,Miller,31,0,1.0,0.0
13205.0,Georgia,Mitchell,341,31,1.0,0.0
13207.0,Georgia,Monroe,34,4,0.0,0.0
13209.0,Georgia,Montgomery,4,0,2.0,0.0
13211.0,Georgia,Morgan,30,0,0.0,0.0
13213.0,Georgia,Murray,45,1,4.0,0.0
13215.0,Georgia,Muscogee,363,12,9.0,0.0
13217.0,Georgia,Newton,240,8,4.0,0.0
13219.0,Georgia,Oconee,66,0,-1.0,0.0
13221.0,Georgia,Oglethorpe,56,4,3.0,1.0
80013.0,Georgia,Out of GA,1088,22,-1.0,3.0
13223.0,Georgia,Paulding,221,10,3.0,0.0
13225.0,Georgia,Peach,62,2,1.0,0.0
13227.0,Georgia,Pickens,32,2,1.0,0.0
13229.0,Georgia,Pierce,59,3,0.0,0.0
13231.0,Georgia,Pike,41,2,0.0,0.0
13233.0,Georgia,Polk,65,0,1.0,0.0
13235.0,Georgia,Pulaski,35,1,1.0,0.0
13237.0,Georgia,Putnam,54,6,2.0,1.0
13239.0,Georgia,Quitman,6,1,0.0,0.0
13241.0,Georgia,Rabun,13,1,0.0,0.0
13243.0,Georgia,Randolph,167,21,0.0,1.0
13245.0,Georgia,Richmond,441,16,5.0,1.0
13247.0,Georgia,Rockdale,228,7,2.0,0.0
13249.0,Georgia,Schley,15,1,0.0,0.0
13251.0,Georgia,Screven,17,1,0.0,0.0
13253.0,Georgia,Seminole,34,2,1.0,0.0
13255.0,Georgia,Spalding,227,11,3.0,0.0
13257.0,Georgia,Stephens,91,1,0.0,0.0
13259.0,Georgia,Stewart,30,0,3.0,0.0
13261.0,Georgia,Sumter,391,32,4.0,3.0
13263.0,Georgia,Talbot,26,1,0.0,0.0
13265.0,Georgia,Taliaferro,1,0,0.0,0.0
13267.0,Georgia,Tattnall,9,0,0.0,0.0
13269.0,Georgia,Taylor,18,2,0.0,0.0
13271.0,Georgia,Telfair,28,0,0.0,0.0
13273.0,Georgia,Terrell,198,21,3.0,0.0
13275.0,Georgia,Thomas,239,26,12.0,4.0
13277.0,Georgia,Tift,145,6,6.0,0.0
13279.0,Georgia,Toombs,39,3,0.0,0.0
13281.0,Georgia,Towns,20,1,0.0,0.0
13283.0,Georgia,Treutlen,5,0,0.0,0.0
13285.0,Georgia,Troup,176,5,5.0,0.0
13287.0,Georgia,Turner,74,12,1.0,1.0
13289.0,Georgia,Twiggs,8,0,0.0,0.0
90013.0,Georgia,Unassigned,854,0,4.0,0.0
13291.0,Georgia,Union,34,1,1.0,0.0
13293.0,Georgia,Upson,247,24,1.0,0.0
13295.0,Georgia,Walker,62,0,1.0,0.0
13297.0,Georgia,Walton,148,6,0.0,1.0
13299.0,Georgia,Ware,155,12,7.0,-1.0
13301.0,Georgia,Warren,15,0,2.0,0.0
13303.0,Georgia,Washington,53,1,2.0,0.0
13305.0,Georgia,Wayne,13,0,0.0,0.0
13307.0,Georgia,Webster,10,2,0.0,0.0
13309.0,Georgia,Wheeler,5,0,0.0,0.0
13311.0,Georgia,White,86,1,-1.0,-1.0
13313.0,Georgia,Whitfield,140,6,-1.0,0.0
13315.0,Georgia,Wilcox,94,12,2.0,0.0
13317.0,Georgia,Wilkes,26,0,0.0,0.0
13319.0,Georgia,Wilkinson,40,2,0.0,0.0
13321.0,Georgia,Worth,180,13,1.0,0.0
99999.0,Grand Princess,Grand Princess,103,3,0.0,0.0
66.0,Guam,Guam,151,5,2.0,0.0
15001.0,Hawaii,Hawaii,74,0,0.0,0.0
15003.0,Hawaii,Honolulu,408,11,0.0,0.0
15005.0,Hawaii,Kalawao,0,0,0.0,0.0
15007.0,Hawaii,Kauai,21,0,0.0,0.0
15009.0,Hawaii,Maui,116,6,0.0,0.0
80015.0,Hawaii,Out of HI,10,0,0.0,0.0
90015.0,Hawaii,Unassigned,0,0,0.0,0.0
16001.0,Idaho,Ada,721,19,0.0,0.0
16003.0,Idaho,Adams,3,0,0.0,0.0
16005.0,Idaho,Bannock,12,0,0.0,0.0
16007.0,Idaho,Bear Lake,0,0,0.0,0.0
16009.0,Idaho,Benewah,0,0,0.0,0.0
16011.0,Idaho,Bingham,4,0,0.0,0.0
16013.0,Idaho,Blaine,499,5,0.0,0.0
16015.0,Idaho,Boise,0,0,0.0,0.0
16017.0,Idaho,Bonner,4,0,0.0,0.0
16019.0,Idaho,Bonneville,28,0,0.0,0.0
16021.0,Idaho,Boundary,0,0,0.0,0.0
16023.0,Idaho,Butte,0,0,0.0,0.0
16025.0,Idaho,Camas,1,0,0.0,0.0
16027.0,Idaho,Canyon,272,6,0.0,0.0
16029.0,Idaho,Caribou,1,0,0.0,0.0
16031.0,Idaho,Cassia,13,1,0.0,0.0
16033.0,Idaho,Clark,0,0,0.0,0.0
16035.0,Idaho,Clearwater,0,0,0.0,0.0
16037.0,Idaho,Custer,2,0,0.0,0.0
16039.0,Idaho,Elmore,31,2,0.0,0.0
16041.0,Idaho,Franklin,0,0,0.0,0.0
16043.0,Idaho,Fremont,3,0,0.0,0.0
16045.0,Idaho,Gem,14,0,0.0,0.0
16047.0,Idaho,Gooding,16,0,0.0,0.0
16049.0,Idaho,Idaho,3,0,0.0,0.0
16051.0,Idaho,Jefferson,5,0,0.0,0.0
16053.0,Idaho,Jerome,65,2,0.0,0.0
16055.0,Idaho,Kootenai,62,0,0.0,0.0
16057.0,Idaho,Latah,5,0,0.0,0.0
16059.0,Idaho,Lemhi,1,0,0.0,0.0
16061.0,Idaho,Lewis,0,0,0.0,0.0
16063.0,Idaho,Lincoln,29,0,0.0,0.0
16065.0,Idaho,Madison,16,0,0.0,0.0
16067.0,Idaho,Minidoka,11,0,0.0,0.0
16069.0,Idaho,Nez Perce,78,19,0.0,0.0
16071.0,Idaho,Oneida,0,0,0.0,0.0
80016.0,Idaho,Out of ID,0,0,0.0,0.0
16073.0,Idaho,Owyhee,8,0,0.0,0.0
16075.0,Idaho,Payette,17,2,0.0,0.0
16077.0,Idaho,Power,2,0,0.0,0.0
16079.0,Idaho,Shoshone,0,0,0.0,0.0
16081.0,Idaho,Teton,10,0,0.0,0.0
16083.0,Idaho,Twin Falls,239,11,0.0,0.0
90016.0,Idaho,Unassigned,0,0,0.0,0.0
16085.0,Idaho,Valley,2,0,0.0,0.0
16087.0,Idaho,Washington,1,0,0.0,0.0
17001.0,Illinois,Adams,41,1,1.0,0.0
17003.0,Illinois,Alexander,6,0,0.0,0.0
17005.0,Illinois,Bond,8,1,0.0,0.0
17007.0,Illinois,Boone,177,12,9.0,1.0
17009.0,Illinois,Brown,6,0,0.0,0.0
17011.0,Illinois,Bureau,13,1,1.0,0.0
17013.0,Illinois,Calhoun,1,0,0.0,0.0
17015.0,Illinois,Carroll,10,2,0.0,0.0
17017.0,Illinois,Cass,52,0,2.0,0.0
17019.0,Illinois,Champaign,247,6,18.0,0.0
17021.0,Illinois,Christian,29,4,2.0,0.0
17023.0,Illinois,Clark,5,0,0.0,0.0
17025.0,Illinois,Clay,2,0,0.0,0.0
17027.0,Illinois,Clinton,125,8,3.0,0.0
17029.0,Illinois,Coles,22,1,0.0,0.0
17031.0,Illinois,Cook,50236,2197,1895.0,87.0
17033.0,Illinois,Crawford,10,0,0.0,0.0
17035.0,Illinois,Cumberland,4,0,0.0,0.0
17039.0,Illinois,De Witt,3,0,0.0,0.0
17037.0,Illinois,DeKalb,160,1,11.0,0.0
17041.0,Illinois,Douglas,20,0,0.0,0.0
17043.0,Illinois,DuPage,4374,236,161.0,8.0
17045.0,Illinois,Edgar,0,0,0.0,0.0
17047.0,Illinois,Edwards,0,0,0.0,0.0
17049.0,Illinois,Effingham,5,1,0.0,0.0
17051.0,Illinois,Fayette,17,2,0.0,0.0
17053.0,Illinois,Ford,12,1,0.0,0.0
17055.0,Illinois,Franklin,10,0,0.0,0.0
17057.0,Illinois,Fulton,3,0,0.0,0.0
17059.0,Illinois,Gallatin,2,0,0.0,0.0
17061.0,Illinois,Greene,4,0,1.0,0.0
17063.0,Illinois,Grundy,55,1,5.0,1.0
17065.0,Illinois,Hamilton,2,0,0.0,0.0
17067.0,Illinois,Hancock,11,0,1.0,0.0
17069.0,Illinois,Hardin,1,0,0.0,0.0
17071.0,Illinois,Henderson,6,0,1.0,0.0
17073.0,Illinois,Henry,59,0,4.0,0.0
17075.0,Illinois,Iroquois,84,1,7.0,0.0
17077.0,Illinois,Jackson,161,10,4.0,0.0
17079.0,Illinois,Jasper,46,6,0.0,1.0
17081.0,Illinois,Jefferson,89,15,1.0,0.0
17083.0,Illinois,Jersey,16,1,0.0,0.0
17085.0,Illinois,Jo Daviess,16,0,2.0,0.0
17087.0,Illinois,Johnson,4,0,0.0,0.0
17089.0,Illinois,Kane,2668,84,170.0,7.0
17091.0,Illinois,Kankakee,458,29,30.0,1.0
17093.0,Illinois,Kendall,373,10,10.0,0.0
17095.0,Illinois,Knox,69,0,6.0,0.0
17099.0,Illinois,LaSalle,93,3,2.0,1.0
17097.0,Illinois,Lake,4985,170,223.0,5.0
17101.0,Illinois,Lawrence,3,0,0.0,0.0
17103.0,Illinois,Lee,63,0,12.0,0.0
17105.0,Illinois,Livingston,24,1,0.0,0.0
17107.0,Illinois,Logan,9,0,2.0,0.0
17115.0,Illinois,Macon,138,15,5.0,1.0
17117.0,Illinois,Macoupin,38,1,-1.0,0.0
17119.0,Illinois,Madison,401,30,5.0,2.0
17121.0,Illinois,Marion,41,0,1.0,0.0
17123.0,Illinois,Marshall,4,0,0.0,0.0
17125.0,Illinois,Mason,15,0,0.0,0.0
17127.0,Illinois,Massac,6,0,1.0,0.0
17109.0,Illinois,McDonough,48,2,2.0,0.0
17111.0,Illinois,McHenry,897,48,40.0,4.0
17113.0,Illinois,McLean,112,3,2.0,0.0
17129.0,Illinois,Menard,17,0,0.0,0.0
17131.0,Illinois,Mercer,11,0,0.0,0.0
17133.0,Illinois,Monroe,79,11,2.0,0.0
17135.0,Illinois,Montgomery,34,1,1.0,0.0
17137.0,Illinois,Morgan,28,1,1.0,0.0
17139.0,Illinois,Moultrie,6,0,0.0,0.0
17141.0,Illinois,Ogle,141,1,2.0,0.0
80017.0,Illinois,Out of IL,72,2,1.0,-1.0
17143.0,Illinois,Peoria,132,4,2.0,-1.0
17145.0,Illinois,Perry,36,0,0.0,0.0
17147.0,Illinois,Piatt,7,0,0.0,0.0
17149.0,Illinois,Pike,1,0,0.0,0.0
17151.0,Illinois,Pope,1,0,1.0,0.0
17153.0,Illinois,Pulaski,25,0,1.0,0.0
17155.0,Illinois,Putnam,0,0,0.0,0.0
17157.0,Illinois,Randolph,211,2,5.0,0.0
17159.0,Illinois,Richland,3,0,0.0,0.0
17161.0,Illinois,Rock Island,498,15,21.0,0.0
17165.0,Illinois,Saline,5,0,0.0,0.0
17167.0,Illinois,Sangamon,253,19,16.0,4.0
17169.0,Illinois,Schuyler,5,0,2.0,0.0
17171.0,Illinois,Scott,0,0,0.0,0.0
17173.0,Illinois,Shelby,10,1,0.0,0.0
17163.0,Illinois,St. Clair,648,46,25.0,2.0
17175.0,Illinois,Stark,1,0,0.0,0.0
17177.0,Illinois,Stephenson,84,0,6.0,0.0
17179.0,Illinois,Tazewell,58,4,4.0,1.0
90017.0,Illinois,Unassigned,48,0,-52.0,0.0
17181.0,Illinois,Union,58,1,6.0,0.0
17183.0,Illinois,Vermilion,25,1,2.0,0.0
17185.0,Illinois,Wabash,1,0,0.0,0.0
17187.0,Illinois,Warren,93,0,1.0,0.0
17189.0,Illinois,Washington,14,0,0.0,0.0
17191.0,Illinois,Wayne,3,0,1.0,0.0
17193.0,Illinois,White,2,0,0.0,0.0
17195.0,Illinois,Whiteside,101,6,2.0,0.0
17197.0,Illinois,Will,3561,199,127.0,5.0
17199.0,Illinois,Williamson,44,1,2.0,1.0
17201.0,Illinois,Winnebago,830,21,71.0,0.0
17203.0,Illinois,Woodford,15,1,0.0,0.0
18001.0,Indiana,Adams,8,1,0.0,0.0
18003.0,Indiana,Allen,781,58,38.0,0.0
18005.0,Indiana,Bartholomew,331,22,15.0,1.0
18007.0,Indiana,Benton,12,0,0.0,0.0
18009.0,Indiana,Blackford,13,1,1.0,0.0
18011.0,Indiana,Boone,214,27,3.0,0.0
18013.0,Indiana,Brown,25,1,0.0,0.0
18015.0,Indiana,Carroll,70,2,4.0,1.0
18017.0,Indiana,Cass,1497,2,28.0,0.0
18019.0,Indiana,Clark,358,23,3.0,0.0
18021.0,Indiana,Clay,24,1,1.0,0.0
18023.0,Indiana,Clinton,80,1,5.0,0.0
18025.0,Indiana,Crawford,20,0,0.0,0.0
18027.0,Indiana,Daviess,54,15,0.0,0.0
18033.0,Indiana,DeKalb,23,1,0.0,0.0
18029.0,Indiana,Dearborn,146,13,1.0,0.0
18031.0,Indiana,Decatur,210,28,2.0,0.0
18035.0,Indiana,Delaware,214,15,1.0,0.0
18037.0,Indiana,Dubois,38,0,3.0,0.0
18039.0,Indiana,Elkhart,410,16,23.0,0.0
18041.0,Indiana,Fayette,34,4,0.0,0.0
18043.0,Indiana,Floyd,226,28,2.0,0.0
18045.0,Indiana,Fountain,14,2,0.0,0.0
18047.0,Indiana,Franklin,104,7,3.0,0.0
18049.0,Indiana,Fulton,34,1,0.0,0.0
18051.0,Indiana,Gibson,7,0,0.0,0.0
18053.0,Indiana,Grant,151,14,0.0,1.0
18055.0,Indiana,Greene,146,9,14.0,0.0
18057.0,Indiana,Hamilton,902,78,8.0,0.0
18059.0,Indiana,Hancock,246,17,5.0,1.0
18061.0,Indiana,Harrison,153,11,3.0,0.0
18063.0,Indiana,Hendricks,927,52,34.0,3.0
18065.0,Indiana,Henry,70,2,11.0,0.0
18067.0,Indiana,Howard,234,9,9.0,0.0
18069.0,Indiana,Huntington,13,2,1.0,0.0
18071.0,Indiana,Jackson,251,1,32.0,0.0
18073.0,Indiana,Jasper,36,1,-1.0,0.0
18075.0,Indiana,Jay,18,0,0.0,0.0
18077.0,Indiana,Jefferson,34,0,2.0,0.0
18079.0,Indiana,Jennings,93,3,4.0,0.0
18081.0,Indiana,Johnson,769,83,15.0,6.0
18083.0,Indiana,Knox,20,0,0.0,0.0
18085.0,Indiana,Kosciusko,39,1,0.0,0.0
18087.0,Indiana,LaGrange,36,2,0.0,0.0
18091.0,Indiana,LaPorte,307,11,4.0,1.0
18089.0,Indiana,Lake,2359,118,71.0,7.0
18093.0,Indiana,Lawrence,115,15,3.0,0.0
18095.0,Indiana,Madison,479,56,5.0,0.0
18097.0,Indiana,Marion,7078,403,164.0,5.0
18099.0,Indiana,Marshall,31,1,0.0,0.0
18101.0,Indiana,Martin,7,0,0.0,0.0
18103.0,Indiana,Miami,122,1,1.0,0.0
18105.0,Indiana,Monroe,141,9,4.0,0.0
18107.0,Indiana,Montgomery,114,2,3.0,0.0
18109.0,Indiana,Morgan,182,8,-1.0,0.0
18111.0,Indiana,Newton,64,8,3.0,0.0
18113.0,Indiana,Noble,127,14,3.0,0.0
18115.0,Indiana,Ohio,7,0,0.0,0.0
18117.0,Indiana,Orange,108,17,2.0,3.0
80018.0,Indiana,Out of IN,0,0,0.0,0.0
18119.0,Indiana,Owen,26,1,2.0,0.0
18121.0,Indiana,Parke,14,0,1.0,0.0
18123.0,Indiana,Perry,14,0,1.0,0.0
18125.0,Indiana,Pike,2,0,0.0,0.0
18127.0,Indiana,Porter,303,8,9.0,1.0
18129.0,Indiana,Posey,15,0,0.0,0.0
18131.0,Indiana,Pulaski,33,0,0.0,0.0
18133.0,Indiana,Putnam,84,5,5.0,0.0
18135.0,Indiana,Randolph,21,2,3.0,0.0
18137.0,Indiana,Ripley,98,6,0.0,0.0
18139.0,Indiana,Rush,37,2,0.0,0.0
18143.0,Indiana,Scott,73,2,10.0,0.0
18145.0,Indiana,Shelby,250,15,7.0,0.0
18147.0,Indiana,Spencer,7,1,1.0,0.0
18141.0,Indiana,St. Joseph,773,25,43.0,1.0
18149.0,Indiana,Starke,21,2,2.0,0.0
18151.0,Indiana,Steuben,63,1,2.0,0.0
18153.0,Indiana,Sullivan,19,0,1.0,0.0
18155.0,Indiana,Switzerland,15,0,0.0,0.0
18157.0,Indiana,Tippecanoe,207,2,5.0,0.0
18159.0,Indiana,Tipton,20,1,0.0,0.0
90018.0,Indiana,Unassigned,0,119,0.0,0.0
18161.0,Indiana,Union,8,0,0.0,0.0
18163.0,Indiana,Vanderburgh,175,2,6.0,0.0
18165.0,Indiana,Vermillion,7,0,0.0,0.0
18167.0,Indiana,Vigo,74,6,-1.0,0.0
18169.0,Indiana,Wabash,64,2,0.0,0.0
18171.0,Indiana,Warren,12,1,0.0,0.0
18173.0,Indiana,Warrick,119,19,3.0,0.0
18175.0,Indiana,Washington,45,1,0.0,0.0
18177.0,Indiana,Wayne,51,5,2.0,2.0
18179.0,Indiana,Wells,9,0,0.0,0.0
18181.0,Indiana,White,139,1,9.0,0.0
18183.0,Indiana,Whitley,22,1,0.0,0.0
19001.0,Iowa,Adair,3,0,0.0,0.0
19003.0,Iowa,Adams,0,0,0.0,0.0
19005.0,Iowa,Allamakee,101,4,2.0,0.0
19007.0,Iowa,Appanoose,6,3,0.0,0.0
19009.0,Iowa,Audubon,9,0,1.0,0.0
19011.0,Iowa,Benton,34,1,-1.0,0.0
19013.0,Iowa,Black Hawk,1463,20,13.0,1.0
19015.0,Iowa,Boone,33,0,0.0,0.0
19017.0,Iowa,Bremer,57,5,1.0,0.0
19019.0,Iowa,Buchanan,23,0,1.0,0.0
19021.0,Iowa,Buena Vista,32,0,14.0,0.0
19023.0,Iowa,Butler,12,0,1.0,0.0
19025.0,Iowa,Calhoun,1,0,0.0,0.0
19027.0,Iowa,Carroll,6,0,1.0,0.0
19029.0,Iowa,Cass,1,0,0.0,0.0
19031.0,Iowa,Cedar,39,1,0.0,0.0
19033.0,Iowa,Cerro Gordo,14,0,0.0,0.0
19035.0,Iowa,Cherokee,4,0,0.0,0.0
19037.0,Iowa,Chickasaw,6,0,0.0,0.0
19039.0,Iowa,Clarke,5,0,1.0,0.0
19041.0,Iowa,Clay,9,0,1.0,0.0
19043.0,Iowa,Clayton,21,2,2.0,0.0
19045.0,Iowa,Clinton,53,1,0.0,0.0
19047.0,Iowa,Crawford,149,1,25.0,0.0
19049.0,Iowa,Dallas,654,5,10.0,1.0
19051.0,Iowa,Davis,8,0,1.0,0.0
19053.0,Iowa,Decatur,0,0,0.0,0.0
19055.0,Iowa,Delaware,7,1,-1.0,0.0
19057.0,Iowa,Des Moines,31,1,2.0,0.0
19059.0,Iowa,Dickinson,6,0,0.0,0.0
19061.0,Iowa,Dubuque,181,6,6.0,1.0
19063.0,Iowa,Emmet,0,0,0.0,0.0
19065.0,Iowa,Fayette,24,0,0.0,0.0
19067.0,Iowa,Floyd,2,0,0.0,0.0
19069.0,Iowa,Franklin,7,0,0.0,0.0
19071.0,Iowa,Fremont,1,0,1.0,0.0
19073.0,Iowa,Greene,13,0,0.0,0.0
19075.0,Iowa,Grundy,17,0,1.0,0.0
19077.0,Iowa,Guthrie,32,0,0.0,0.0
19079.0,Iowa,Hamilton,9,0,0.0,0.0
19081.0,Iowa,Hancock,3,0,0.0,0.0
19083.0,Iowa,Hardin,12,0,1.0,0.0
19085.0,Iowa,Harrison,17,0,0.0,0.0
19087.0,Iowa,Henry,42,1,0.0,0.0
19089.0,Iowa,Howard,12,0,-1.0,0.0
19091.0,Iowa,Humboldt,6,0,0.0,0.0
19093.0,Iowa,Ida,0,0,0.0,0.0
19095.0,Iowa,Iowa,27,0,1.0,0.0
19097.0,Iowa,Jackson,7,0,0.0,0.0
19099.0,Iowa,Jasper,235,6,6.0,1.0
19101.0,Iowa,Jefferson,6,0,0.0,0.0
19103.0,Iowa,Johnson,546,6,3.0,0.0
19105.0,Iowa,Jones,31,0,1.0,0.0
19107.0,Iowa,Keokuk,7,0,1.0,0.0
19109.0,Iowa,Kossuth,2,0,0.0,0.0
19111.0,Iowa,Lee,18,0,1.0,0.0
19113.0,Iowa,Linn,813,58,8.0,2.0
19115.0,Iowa,Louisa,281,3,1.0,1.0
19117.0,Iowa,Lucas,0,0,0.0,0.0
19119.0,Iowa,Lyon,16,0,1.0,0.0
19121.0,Iowa,Madison,10,1,0.0,0.0
19123.0,Iowa,Mahaska,20,1,0.0,0.0
19125.0,Iowa,Marion,13,0,1.0,0.0
19127.0,Iowa,Marshall,701,3,15.0,0.0
19129.0,Iowa,Mills,7,0,2.0,0.0
19131.0,Iowa,Mitchell,3,0,0.0,0.0
19133.0,Iowa,Monona,11,0,0.0,0.0
19135.0,Iowa,Monroe,2,0,0.0,0.0
19137.0,Iowa,Montgomery,3,0,1.0,0.0
19139.0,Iowa,Muscatine,446,18,5.0,1.0
19141.0,Iowa,O'Brien,13,0,0.0,0.0
19143.0,Iowa,Osceola,18,0,1.0,0.0
80019.0,Iowa,Out of IA,0,0,0.0,0.0
19145.0,Iowa,Page,10,0,1.0,0.0
19147.0,Iowa,Palo Alto,1,0,1.0,0.0
19149.0,Iowa,Plymouth,48,0,4.0,0.0
19151.0,Iowa,Pocahontas,3,0,0.0,0.0
19153.0,Iowa,Polk,2150,54,97.0,0.0
19155.0,Iowa,Pottawattamie,76,2,5.0,0.0
19157.0,Iowa,Poweshiek,78,5,0.0,0.0
19159.0,Iowa,Ringgold,0,0,0.0,0.0
19161.0,Iowa,Sac,2,0,0.0,0.0
19163.0,Iowa,Scott,276,8,2.0,1.0
19165.0,Iowa,Shelby,16,0,3.0,0.0
19167.0,Iowa,Sioux,37,0,6.0,0.0
19169.0,Iowa,Story,54,1,2.0,0.0
19171.0,Iowa,Tama,322,11,1.0,0.0
19173.0,Iowa,Taylor,1,0,0.0,0.0
90019.0,Iowa,Unassigned,17,0,9.0,0.0
19175.0,Iowa,Union,1,0,0.0,0.0
19177.0,Iowa,Van Buren,8,0,0.0,0.0
19179.0,Iowa,Wapello,192,0,27.0,0.0
19181.0,Iowa,Warren,39,0,4.0,0.0
19183.0,Iowa,Washington,155,7,1.0,0.0
19185.0,Iowa,Wayne,1,0,0.0,0.0
19187.0,Iowa,Webster,9,0,1.0,0.0
19189.0,Iowa,Winnebago,3,0,0.0,0.0
19191.0,Iowa,Winneshiek,18,0,0.0,0.0
19193.0,Iowa,Woodbury,1532,7,103.0,3.0
19195.0,Iowa,Worth,1,0,0.0,0.0
19197.0,Iowa,Wright,6,0,1.0,0.0
20001.0,Kansas,Allen,0,0,0.0,0.0
20003.0,Kansas,Anderson,0,0,0.0,0.0
20005.0,Kansas,Atchison,12,0,0.0,0.0
20007.0,Kansas,Barber,1,0,0.0,0.0
20009.0,Kansas,Barton,17,1,5.0,0.0
20011.0,Kansas,Bourbon,6,1,0.0,0.0
20013.0,Kansas,Brown,1,0,0.0,0.0
20015.0,Kansas,Butler,14,0,0.0,0.0
20017.0,Kansas,Chase,3,0,0.0,0.0
20019.0,Kansas,Chautauqua,4,0,0.0,0.0
20021.0,Kansas,Cherokee,8,0,0.0,0.0
20023.0,Kansas,Cheyenne,2,0,0.0,0.0
20025.0,Kansas,Clark,17,1,0.0,1.0
20027.0,Kansas,Clay,4,1,0.0,0.0
20029.0,Kansas,Cloud,4,0,0.0,0.0
20031.0,Kansas,Coffey,50,8,0.0,0.0
20033.0,Kansas,Comanche,0,0,0.0,0.0
20035.0,Kansas,Cowley,3,1,0.0,0.0
20037.0,Kansas,Crawford,8,1,0.0,0.0
20039.0,Kansas,Decatur,0,0,0.0,0.0
20041.0,Kansas,Dickinson,2,0,0.0,0.0
20043.0,Kansas,Doniphan,7,0,0.0,0.0
20045.0,Kansas,Douglas,56,0,0.0,0.0
20047.0,Kansas,Edwards,4,0,0.0,0.0
20049.0,Kansas,Elk,0,0,0.0,0.0
20051.0,Kansas,Ellis,8,0,0.0,0.0
20053.0,Kansas,Ellsworth,2,0,1.0,0.0
20055.0,Kansas,Finney,861,3,70.0,0.0
20057.0,Kansas,Ford,1024,3,94.0,0.0
20059.0,Kansas,Franklin,20,0,0.0,0.0
20061.0,Kansas,Geary,14,0,1.0,0.0
20063.0,Kansas,Gove,1,0,0.0,0.0
20065.0,Kansas,Graham,0,0,0.0,0.0
20067.0,Kansas,Grant,11,0,3.0,0.0
20069.0,Kansas,Gray,7,0,1.0,0.0
20071.0,Kansas,Greeley,0,0,0.0,0.0
20073.0,Kansas,Greenwood,3,0,0.0,0.0
20075.0,Kansas,Hamilton,7,0,2.0,0.0
20077.0,Kansas,Harper,1,0,0.0,0.0
20079.0,Kansas,Harvey,9,0,0.0,0.0
20081.0,Kansas,Haskell,14,0,5.0,0.0
20083.0,Kansas,Hodgeman,0,0,0.0,0.0
20085.0,Kansas,Jackson,2,0,0.0,0.0
20087.0,Kansas,Jefferson,12,0,0.0,0.0
20089.0,Kansas,Jewell,4,0,0.0,0.0
20091.0,Kansas,Johnson,576,47,23.0,2.0
20093.0,Kansas,Kearny,28,0,2.0,0.0
20095.0,Kansas,Kingman,0,0,0.0,0.0
20097.0,Kansas,Kiowa,2,0,0.0,0.0
20099.0,Kansas,Labette,22,0,0.0,0.0
20101.0,Kansas,Lane,0,0,0.0,0.0
20103.0,Kansas,Leavenworth,906,6,21.0,0.0
20105.0,Kansas,Lincoln,0,0,0.0,0.0
20107.0,Kansas,Linn,6,0,0.0,0.0
20109.0,Kansas,Logan,0,0,0.0,0.0
20111.0,Kansas,Lyon,294,2,12.0,0.0
20115.0,Kansas,Marion,5,1,0.0,0.0
20117.0,Kansas,Marshall,0,0,0.0,0.0
20113.0,Kansas,McPherson,25,0,0.0,0.0
20119.0,Kansas,Meade,21,0,5.0,0.0
20121.0,Kansas,Miami,5,0,0.0,0.0
20123.0,Kansas,Mitchell,3,0,0.0,0.0
20125.0,Kansas,Montgomery,21,2,1.0,0.0
20127.0,Kansas,Morris,3,0,0.0,0.0
20129.0,Kansas,Morton,3,0,0.0,0.0
20131.0,Kansas,Nemaha,1,0,0.0,0.0
20133.0,Kansas,Neosho,2,0,0.0,0.0
20135.0,Kansas,Ness,0,0,0.0,0.0
20137.0,Kansas,Norton,2,0,0.0,0.0
20139.0,Kansas,Osage,5,0,0.0,0.0
20141.0,Kansas,Osborne,2,0,0.0,0.0
20143.0,Kansas,Ottawa,4,0,0.0,0.0
80020.0,Kansas,Out of KS,0,0,0.0,0.0
20145.0,Kansas,Pawnee,0,0,0.0,0.0
20147.0,Kansas,Phillips,1,0,0.0,0.0
20149.0,Kansas,Pottawatomie,16,0,1.0,0.0
20151.0,Kansas,Pratt,1,0,0.0,0.0
20153.0,Kansas,Rawlins,0,0,0.0,0.0
20155.0,Kansas,Reno,41,0,0.0,0.0
20157.0,Kansas,Republic,4,0,0.0,0.0
20159.0,Kansas,Rice,3,0,0.0,0.0
20161.0,Kansas,Riley,57,0,1.0,0.0
20163.0,Kansas,Rooks,6,0,0.0,0.0
20165.0,Kansas,Rush,0,0,0.0,0.0
20167.0,Kansas,Russell,0,0,0.0,0.0
20169.0,Kansas,Saline,21,2,0.0,0.0
20171.0,Kansas,Scott,3,0,1.0,0.0
20173.0,Kansas,Sedgwick,457,18,3.0,0.0
20175.0,Kansas,Seward,678,0,14.0,0.0
20177.0,Kansas,Shawnee,149,5,9.0,0.0
20179.0,Kansas,Sheridan,2,0,0.0,0.0
20181.0,Kansas,Sherman,5,0,0.0,0.0
20183.0,Kansas,Smith,2,0,0.0,0.0
20185.0,Kansas,Stafford,1,0,0.0,0.0
20187.0,Kansas,Stanton,9,0,2.0,0.0
20189.0,Kansas,Stevens,14,0,0.0,0.0
20191.0,Kansas,Sumner,4,1,0.0,0.0
20193.0,Kansas,Thomas,0,0,0.0,0.0
20195.0,Kansas,Trego,0,0,0.0,0.0
90020.0,Kansas,Unassigned,0,0,0.0,0.0
20197.0,Kansas,Wabaunsee,27,0,0.0,0.0
20199.0,Kansas,Wallace,0,0,0.0,0.0
20201.0,Kansas,Washington,0,0,0.0,0.0
20203.0,Kansas,Wichita,0,0,0.0,0.0
20205.0,Kansas,Wilson,1,0,0.0,0.0
20207.0,Kansas,Woodson,6,0,0.0,0.0
20209.0,Kansas,Wyandotte,1000,64,58.0,0.0
21001.0,Kentucky,Adair,84,13,0.0,0.0
21003.0,Kentucky,Allen,25,0,0.0,0.0
21005.0,Kentucky,Anderson,9,1,0.0,0.0
21007.0,Kentucky,Ballard,8,0,0.0,0.0
21009.0,Kentucky,Barren,24,0,0.0,0.0
21011.0,Kentucky,Bath,4,1,0.0,0.0
21013.0,Kentucky,Bell,0,0,0.0,0.0
21015.0,Kentucky,Boone,203,4,6.0,0.0
21017.0,Kentucky,Bourbon,8,1,0.0,0.0
21019.0,Kentucky,Boyd,32,3,0.0,0.0
21021.0,Kentucky,Boyle,16,0,0.0,0.0
21023.0,Kentucky,Bracken,10,0,0.0,0.0
21025.0,Kentucky,Breathitt,2,0,0.0,0.0
21027.0,Kentucky,Breckinridge,13,0,2.0,0.0
21029.0,Kentucky,Bullitt,79,3,5.0,1.0
21031.0,Kentucky,Butler,192,6,4.0,0.0
21033.0,Kentucky,Caldwell,12,0,0.0,0.0
21035.0,Kentucky,Calloway,36,1,1.0,0.0
21037.0,Kentucky,Campbell,114,9,4.0,0.0
21039.0,Kentucky,Carlisle,3,1,1.0,0.0
21041.0,Kentucky,Carroll,2,0,0.0,0.0
21043.0,Kentucky,Carter,6,0,0.0,0.0
21045.0,Kentucky,Casey,1,0,0.0,0.0
21047.0,Kentucky,Christian,93,3,1.0,0.0
21049.0,Kentucky,Clark,20,0,0.0,0.0
21051.0,Kentucky,Clay,2,0,1.0,0.0
21053.0,Kentucky,Clinton,3,0,0.0,0.0
21055.0,Kentucky,Crittenden,4,1,0.0,0.0
21057.0,Kentucky,Cumberland,5,0,0.0,0.0
21059.0,Kentucky,Daviess,260,4,2.0,0.0
21061.0,Kentucky,Edmonson,45,6,4.0,1.0
21063.0,Kentucky,Elliott,0,0,0.0,0.0
21065.0,Kentucky,Estill,0,0,0.0,0.0
21067.0,Kentucky,Fayette,342,9,14.0,0.0
21069.0,Kentucky,Fleming,2,0,0.0,0.0
21071.0,Kentucky,Floyd,15,0,2.0,0.0
21073.0,Kentucky,Franklin,16,0,0.0,0.0
21075.0,Kentucky,Fulton,1,0,0.0,0.0
21077.0,Kentucky,Gallatin,1,0,0.0,0.0
21079.0,Kentucky,Garrard,3,0,1.0,0.0
21081.0,Kentucky,Grant,29,3,2.0,0.0
21083.0,Kentucky,Graves,146,14,1.0,0.0
21085.0,Kentucky,Grayson,93,6,0.0,0.0
21087.0,Kentucky,Green,1,0,0.0,0.0
21089.0,Kentucky,Greenup,12,0,0.0,0.0
21091.0,Kentucky,Hancock,6,0,0.0,0.0
21093.0,Kentucky,Hardin,61,2,5.0,0.0
21095.0,Kentucky,Harlan,1,0,0.0,0.0
21097.0,Kentucky,Harrison,18,0,0.0,0.0
21099.0,Kentucky,Hart,8,0,0.0,0.0
21101.0,Kentucky,Henderson,75,2,0.0,0.0
21103.0,Kentucky,Henry,8,0,0.0,0.0
21105.0,Kentucky,Hickman,5,0,0.0,0.0
21107.0,Kentucky,Hopkins,213,25,1.0,1.0
21109.0,Kentucky,Jackson,56,12,-4.0,0.0
21111.0,Kentucky,Jefferson,1610,108,32.0,1.0
21113.0,Kentucky,Jessamine,41,0,1.0,0.0
21115.0,Kentucky,Johnson,4,0,0.0,0.0
21117.0,Kentucky,Kenton,372,26,12.0,0.0
21119.0,Kentucky,Knott,4,0,0.0,0.0
21121.0,Kentucky,Knox,6,0,0.0,0.0
21123.0,Kentucky,Larue,6,0,0.0,0.0
21125.0,Kentucky,Laurel,21,2,1.0,0.0
21127.0,Kentucky,Lawrence,1,0,0.0,0.0
21129.0,Kentucky,Lee,0,0,0.0,0.0
21131.0,Kentucky,Leslie,5,0,1.0,0.0
21133.0,Kentucky,Letcher,3,0,0.0,0.0
21135.0,Kentucky,Lewis,5,0,2.0,0.0
21137.0,Kentucky,Lincoln,5,1,-1.0,0.0
21139.0,Kentucky,Livingston,6,0,0.0,0.0
21141.0,Kentucky,Logan,35,1,11.0,0.0
21143.0,Kentucky,Lyon,14,3,1.0,0.0
21151.0,Kentucky,Madison,33,1,0.0,0.0
21153.0,Kentucky,Magoffin,0,0,0.0,0.0
21155.0,Kentucky,Marion,17,0,0.0,0.0
21157.0,Kentucky,Marshall,33,1,0.0,0.0
21159.0,Kentucky,Martin,3,0,0.0,0.0
21161.0,Kentucky,Mason,6,0,0.0,0.0
21145.0,Kentucky,McCracken,68,2,0.0,0.0
21147.0,Kentucky,McCreary,11,0,0.0,0.0
21149.0,Kentucky,McLean,16,1,0.0,0.0
21163.0,Kentucky,Meade,18,1,1.0,0.0
21165.0,Kentucky,Menifee,3,0,0.0,0.0
21167.0,Kentucky,Mercer,11,0,1.0,0.0
21169.0,Kentucky,Metcalfe,2,0,0.0,0.0
21171.0,Kentucky,Monroe,6,0,0.0,0.0
21173.0,Kentucky,Montgomery,11,0,0.0,0.0
21175.0,Kentucky,Morgan,1,0,0.0,0.0
21177.0,Kentucky,Muhlenberg,452,6,6.0,0.0
21179.0,Kentucky,Nelson,29,0,1.0,0.0
21181.0,Kentucky,Nicholas,1,0,0.0,0.0
21183.0,Kentucky,Ohio,65,0,0.0,0.0
21185.0,Kentucky,Oldham,37,0,1.0,0.0
80021.0,Kentucky,Out of KY,0,0,0.0,0.0
21187.0,Kentucky,Owen,1,0,0.0,0.0
21189.0,Kentucky,Owsley,2,0,0.0,0.0
21191.0,Kentucky,Pendleton,5,0,0.0,0.0
21193.0,Kentucky,Perry,14,0,0.0,0.0
21195.0,Kentucky,Pike,15,2,0.0,0.0
21197.0,Kentucky,Powell,1,0,0.0,0.0
21199.0,Kentucky,Pulaski,43,2,0.0,0.0
21201.0,Kentucky,Robertson,0,0,0.0,0.0
21203.0,Kentucky,Rockcastle,13,0,0.0,0.0
21205.0,Kentucky,Rowan,3,0,1.0,0.0
21207.0,Kentucky,Russell,18,4,1.0,0.0
21209.0,Kentucky,Scott,32,0,0.0,0.0
21211.0,Kentucky,Shelby,44,3,9.0,0.0
21213.0,Kentucky,Simpson,32,2,0.0,0.0
21215.0,Kentucky,Spencer,16,0,0.0,0.0
21217.0,Kentucky,Taylor,9,0,0.0,0.0
21219.0,Kentucky,Todd,13,0,0.0,0.0
21221.0,Kentucky,Trigg,9,0,0.0,0.0
21223.0,Kentucky,Trimble,3,0,0.0,0.0
90021.0,Kentucky,Unassigned,38,0,0.0,0.0
21225.0,Kentucky,Union,10,0,0.0,0.0
21227.0,Kentucky,Warren,512,2,26.0,0.0
21229.0,Kentucky,Washington,5,0,0.0,0.0
21231.0,Kentucky,Wayne,8,0,0.0,0.0
21233.0,Kentucky,Webster,26,0,-1.0,0.0
21235.0,Kentucky,Whitley,11,0,0.0,0.0
21237.0,Kentucky,Wolfe,0,0,0.0,0.0
21239.0,Kentucky,Woodford,17,0,0.0,0.0
22001.0,Louisiana,Acadia,142,11,0.0,0.0
22003.0,Louisiana,Allen,90,9,0.0,0.0
22005.0,Louisiana,Ascension,675,46,3.0,0.0
22007.0,Louisiana,Assumption,206,10,0.0,1.0
22009.0,Louisiana,Avoyelles,74,7,0.0,0.0
22011.0,Louisiana,Beauregard,44,4,0.0,0.0
22013.0,Louisiana,Bienville,77,17,-1.0,1.0
22015.0,Louisiana,Bossier,308,19,1.0,1.0
22017.0,Louisiana,Caddo,1712,128,22.0,2.0
22019.0,Louisiana,Calcasieu,481,38,3.0,1.0
22021.0,Louisiana,Caldwell,47,0,6.0,0.0
22023.0,Louisiana,Cameron,3,0,0.0,0.0
22025.0,Louisiana,Catahoula,59,2,13.0,0.0
22027.0,Louisiana,Claiborne,58,9,0.0,0.0
22029.0,Louisiana,Concordia,43,4,1.0,0.0
22031.0,Louisiana,De Soto,208,13,1.0,0.0
22033.0,Louisiana,East Baton Rouge,2284,171,28.0,1.0
22035.0,Louisiana,East Carroll,15,0,1.0,0.0
22037.0,Louisiana,East Feliciana,133,19,1.0,0.0
22039.0,Louisiana,Evangeline,67,1,3.0,0.0
22041.0,Louisiana,Franklin,146,4,1.0,0.0
22043.0,Louisiana,Grant,17,0,0.0,0.0
22045.0,Louisiana,Iberia,283,26,2.0,0.0
22047.0,Louisiana,Iberville,493,35,1.0,2.0
22049.0,Louisiana,Jackson,58,4,1.0,0.0
22051.0,Louisiana,Jefferson,6610,392,22.0,1.0
22053.0,Louisiana,Jefferson Davis,66,6,0.0,0.0
22059.0,Louisiana,LaSalle,31,0,1.0,0.0
22055.0,Louisiana,Lafayette,481,21,2.0,0.0
22057.0,Louisiana,Lafourche,698,57,5.0,2.0
22061.0,Louisiana,Lincoln,103,11,2.0,0.0
22063.0,Louisiana,Livingston,268,21,0.0,2.0
22065.0,Louisiana,Madison,8,0,0.0,0.0
22067.0,Louisiana,Morehouse,57,5,0.0,0.0
22069.0,Louisiana,Natchitoches,92,8,1.0,0.0
22071.0,Louisiana,Orleans,6645,463,19.0,0.0
22073.0,Louisiana,Ouachita,820,25,6.0,0.0
80022.0,Louisiana,Out of LA,0,0,0.0,0.0
22075.0,Louisiana,Plaquemines,185,17,0.0,0.0
22077.0,Louisiana,Pointe Coupee,125,17,5.0,0.0
22079.0,Louisiana,Rapides,338,11,22.0,0.0
22081.0,Louisiana,Red River,34,6,0.0,0.0
22083.0,Louisiana,Richland,95,1,4.0,0.0
22085.0,Louisiana,Sabine,17,1,0.0,0.0
22087.0,Louisiana,St. Bernard,508,20,0.0,0.0
22089.0,Louisiana,St. Charles,593,43,-1.0,0.0
22091.0,Louisiana,St. Helena,32,1,0.0,0.0
22093.0,Louisiana,St. James,257,20,1.0,0.0
22095.0,Louisiana,St. John the Baptist,791,76,0.0,0.0
22097.0,Louisiana,St. Landry,204,49,1.0,0.0
22099.0,Louisiana,St. Martin,255,20,1.0,0.0
22101.0,Louisiana,St. Mary,224,25,2.0,1.0
22103.0,Louisiana,St. Tammany,1416,125,1.0,1.0
22105.0,Louisiana,Tangipahoa,645,27,10.0,1.0
22107.0,Louisiana,Tensas,3,0,0.0,0.0
22109.0,Louisiana,Terrebonne,501,36,2.0,1.0
90022.0,Louisiana,Unassigned,63,74,0.0,0.0
22111.0,Louisiana,Union,153,8,2.0,0.0
22113.0,Louisiana,Vermilion,40,2,0.0,0.0
22115.0,Louisiana,Vernon,17,2,0.0,0.0
22117.0,Louisiana,Washington,312,24,4.0,0.0
22119.0,Louisiana,Webster,97,4,0.0,0.0
22121.0,Louisiana,West Baton Rouge,119,24,1.0,0.0
22123.0,Louisiana,West Carroll,4,0,0.0,0.0
22125.0,Louisiana,West Feliciana,176,6,2.0,1.0
22127.0,Louisiana,Winn,49,2,1.0,0.0
23001.0,Maine,Androscoggin,78,2,4.0,0.0
23003.0,Maine,Aroostook,6,0,0.0,0.0
23005.0,Maine,Cumberland,658,30,27.0,0.0
23007.0,Maine,Franklin,31,1,0.0,0.0
23009.0,Maine,Hancock,10,1,0.0,1.0
23011.0,Maine,Kennebec,108,8,1.0,0.0
23013.0,Maine,Knox,18,0,1.0,0.0
23015.0,Maine,Lincoln,15,0,1.0,0.0
80023.0,Maine,Out of ME,0,0,0.0,0.0
23017.0,Maine,Oxford,17,0,0.0,0.0
23019.0,Maine,Penobscot,89,0,0.0,0.0
23021.0,Maine,Piscataquis,1,0,0.0,0.0
23023.0,Maine,Sagadahoc,20,0,0.0,0.0
23025.0,Maine,Somerset,17,0,0.0,0.0
90023.0,Maine,Unassigned,6,0,4.0,0.0
23027.0,Maine,Waldo,49,13,0.0,0.0
23029.0,Maine,Washington,2,0,0.0,0.0
23031.0,Maine,York,249,8,6.0,0.0
24001.0,Maryland,Allegany,143,12,0.0,0.0
24003.0,Maryland,Anne Arundel,2290,115,96.0,4.0
24005.0,Maryland,Baltimore,3763,177,101.0,8.0
24510.0,Maryland,Baltimore City,2941,155,85.0,6.0
24009.0,Maryland,Calvert,191,11,3.0,0.0
24011.0,Maryland,Caroline,107,0,2.0,0.0
24013.0,Maryland,Carroll,542,56,8.0,2.0
24015.0,Maryland,Cecil,211,13,3.0,0.0
24017.0,Maryland,Charles,716,54,18.0,3.0
24019.0,Maryland,Dorchester,86,2,1.0,0.0
24021.0,Maryland,Frederick,1182,70,31.0,0.0
24023.0,Maryland,Garrett,5,0,1.0,0.0
24025.0,Maryland,Harford,572,24,20.0,2.0
24027.0,Maryland,Howard,1138,27,40.0,0.0
24029.0,Maryland,Kent,98,8,0.0,0.0
24031.0,Maryland,Montgomery,6316,355,284.0,10.0
80024.0,Maryland,Out of MD,0,0,0.0,0.0
24033.0,Maryland,Prince George's,8901,339,385.0,15.0
24035.0,Maryland,Queen Anne's,70,9,2.0,1.0
24039.0,Maryland,Somerset,41,0,1.0,0.0
24037.0,Maryland,St. Mary's,207,8,14.0,0.0
24041.0,Maryland,Talbot,55,1,3.0,0.0
90024.0,Maryland,Unassigned,0,99,0.0,4.0
24043.0,Maryland,Washington,259,7,-1.0,0.0
24045.0,Maryland,Wicomico,553,15,12.0,2.0
24047.0,Maryland,Worcester,98,3,2.0,0.0
25001.0,Massachusetts,Barnstable,1086,61,17.0,4.0
25003.0,Massachusetts,Berkshire,479,37,3.0,0.0
25005.0,Massachusetts,Bristol,5179,252,129.0,20.0
25007.0,Massachusetts,Dukes,0,0,0.0,0.0
,Massachusetts,Dukes and Nantucket,37,1,0.0,0.0
25009.0,Massachusetts,Essex,11525,601,210.0,23.0
25011.0,Massachusetts,Franklin,298,41,2.0,2.0
25013.0,Massachusetts,Hampden,4787,441,89.0,7.0
25015.0,Massachusetts,Hampshire,682,48,17.0,0.0
25017.0,Massachusetts,Middlesex,17731,1132,345.0,29.0
25019.0,Massachusetts,Nantucket,0,0,0.0,0.0
25021.0,Massachusetts,Norfolk,7006,623,97.0,15.0
80025.0,Massachusetts,Out of MA,0,0,0.0,0.0
25023.0,Massachusetts,Plymouth,6561,375,151.0,11.0
25025.0,Massachusetts,Suffolk,15503,683,193.0,20.0
90025.0,Massachusetts,Unassigned,305,3,3.0,0.0
25027.0,Massachusetts,Worcester,8011,404,201.0,19.0
26001.0,Michigan,Alcona,7,1,0.0,0.0
26003.0,Michigan,Alger,0,0,0.0,0.0
26005.0,Michigan,Allegan,157,2,4.0,0.0
26007.0,Michigan,Alpena,93,8,0.0,0.0
26009.0,Michigan,Antrim,11,0,0.0,0.0
26011.0,Michigan,Arenac,31,1,0.0,0.0
26013.0,Michigan,Baraga,1,0,0.0,0.0
26015.0,Michigan,Barry,57,1,3.0,0.0
26017.0,Michigan,Bay,216,10,6.0,0.0
26019.0,Michigan,Benzie,4,0,0.0,0.0
26021.0,Michigan,Berrien,492,22,28.0,1.0
26023.0,Michigan,Branch,81,2,3.0,0.0
26025.0,Michigan,Calhoun,285,18,2.0,0.0
26027.0,Michigan,Cass,50,2,3.0,0.0
26029.0,Michigan,Charlevoix,14,1,-1.0,0.0
26031.0,Michigan,Cheboygan,24,1,0.0,0.0
26033.0,Michigan,Chippewa,3,0,0.0,0.0
26035.0,Michigan,Clare,12,2,0.0,0.0
26037.0,Michigan,Clinton,142,10,1.0,0.0
26039.0,Michigan,Crawford,60,4,0.0,0.0
26041.0,Michigan,Delta,16,2,0.0,0.0
26043.0,Michigan,Dickinson,5,2,1.0,0.0
26045.0,Michigan,Eaton,176,6,7.0,0.0
26047.0,Michigan,Emmet,25,2,0.0,0.0
,Michigan,Federal Correctional Institution (FCI),109,3,3.0,0.0
26049.0,Michigan,Genesee,1933,237,24.0,1.0
26051.0,Michigan,Gladwin,16,1,1.0,0.0
26053.0,Michigan,Gogebic,4,1,0.0,0.0
26055.0,Michigan,Grand Traverse,21,5,0.0,0.0
26057.0,Michigan,Gratiot,30,2,0.0,0.0
26059.0,Michigan,Hillsdale,153,21,5.0,0.0
26061.0,Michigan,Houghton,2,0,0.0,0.0
26063.0,Michigan,Huron,41,1,3.0,0.0
26065.0,Michigan,Ingham,587,16,8.0,2.0
26067.0,Michigan,Ionia,113,2,4.0,0.0
26069.0,Michigan,Iosco,66,8,0.0,0.0
26071.0,Michigan,Iron,0,0,0.0,0.0
26073.0,Michigan,Isabella,76,7,0.0,0.0
26075.0,Michigan,Jackson,402,26,1.0,-1.0
26077.0,Michigan,Kalamazoo,613,26,13.0,0.0
26079.0,Michigan,Kalkaska,28,2,0.0,0.0
26081.0,Michigan,Kent,2292,42,62.0,0.0
26083.0,Michigan,Keweenaw,0,0,0.0,0.0
26085.0,Michigan,Lake,3,0,0.0,0.0
26087.0,Michigan,Lapeer,184,30,0.0,0.0
26089.0,Michigan,Leelanau,9,0,0.0,0.0
26091.0,Michigan,Lenawee,156,2,6.0,0.0
26093.0,Michigan,Livingston,443,21,10.0,0.0
26095.0,Michigan,Luce,1,0,0.0,0.0
26097.0,Michigan,Mackinac,6,0,0.0,0.0
26099.0,Michigan,Macomb,6030,705,91.0,6.0
26101.0,Michigan,Manistee,12,1,0.0,0.0
26103.0,Michigan,Marquette,51,9,-2.0,1.0
26105.0,Michigan,Mason,21,0,3.0,0.0
26107.0,Michigan,Mecosta,19,2,1.0,0.0
26109.0,Michigan,Menominee,6,0,0.0,0.0
,Michigan,Michigan Department of Corrections (MDOC),2124,50,88.0,0.0
26111.0,Michigan,Midland,96,8,3.0,0.0
26113.0,Michigan,Missaukee,22,1,0.0,0.0
26115.0,Michigan,Monroe,408,17,12.0,1.0
26117.0,Michigan,Montcalm,49,1,1.0,0.0
26119.0,Michigan,Montmorency,5,0,0.0,0.0
26121.0,Michigan,Muskegon,344,19,0.0,0.0
26123.0,Michigan,Newaygo,37,0,0.0,0.0
26125.0,Michigan,Oakland,8672,845,93.0,16.0
26127.0,Michigan,Oceana,30,1,2.0,0.0
26129.0,Michigan,Ogemaw,20,0,0.0,0.0
26131.0,Michigan,Ontonagon,0,0,0.0,0.0
26133.0,Michigan,Osceola,11,0,1.0,0.0
26135.0,Michigan,Oscoda,7,0,0.0,0.0
26137.0,Michigan,Otsego,113,9,0.0,1.0
26139.0,Michigan,Ottawa,455,27,46.0,4.0
80026.0,Michigan,Out of MI,7,0,-57.0,0.0
26141.0,Michigan,Presque Isle,11,0,-1.0,0.0
26143.0,Michigan,Roscommon,22,0,2.0,0.0
26145.0,Michigan,Saginaw,791,81,7.0,1.0
26151.0,Michigan,Sanilac,39,6,0.0,0.0
26153.0,Michigan,Schoolcraft,4,0,0.0,0.0
26155.0,Michigan,Shiawassee,217,17,3.0,4.0
26147.0,Michigan,St. Clair,404,24,13.0,0.0
26149.0,Michigan,St. Joseph,52,1,4.0,0.0
26157.0,Michigan,Tuscola,132,17,4.0,1.0
90026.0,Michigan,Unassigned,71,0,41.0,0.0
26159.0,Michigan,Van Buren,98,3,8.0,0.0
26161.0,Michigan,Washtenaw,1282,80,22.0,3.0
26163.0,Michigan,Wayne,18246,2138,175.0,17.0
26165.0,Michigan,Wexford,12,2,1.0,0.0
27001.0,Minnesota,Aitkin,2,0,1.0,0.0
27003.0,Minnesota,Anoka,477,27,51.0,0.0
27005.0,Minnesota,Becker,22,0,4.0,0.0
27007.0,Minnesota,Beltrami,6,0,0.0,0.0
27009.0,Minnesota,Benton,76,2,12.0,1.0
27011.0,Minnesota,Big Stone,2,0,0.0,0.0
27013.0,Minnesota,Blue Earth,55,0,0.0,0.0
27015.0,Minnesota,Brown,9,1,0.0,0.0
27017.0,Minnesota,Carlton,64,0,2.0,0.0
27019.0,Minnesota,Carver,69,0,11.0,0.0
27021.0,Minnesota,Cass,7,0,0.0,0.0
27023.0,Minnesota,Chippewa,5,0,0.0,0.0
27025.0,Minnesota,Chisago,18,1,4.0,0.0
27027.0,Minnesota,Clay,229,15,7.0,0.0
27029.0,Minnesota,Clearwater,2,0,0.0,0.0
27031.0,Minnesota,Cook,0,0,0.0,0.0
27033.0,Minnesota,Cottonwood,43,0,0.0,0.0
27035.0,Minnesota,Crow Wing,24,1,1.0,0.0
27037.0,Minnesota,Dakota,364,12,42.0,0.0
27039.0,Minnesota,Dodge,24,0,3.0,0.0
27041.0,Minnesota,Douglas,15,0,1.0,0.0
27043.0,Minnesota,Faribault,7,0,0.0,0.0
27045.0,Minnesota,Fillmore,12,1,0.0,0.0
27047.0,Minnesota,Freeborn,41,0,2.0,0.0
27049.0,Minnesota,Goodhue,25,0,0.0,0.0
27051.0,Minnesota,Grant,2,0,1.0,0.0
27053.0,Minnesota,Hennepin,3153,362,191.0,20.0
27055.0,Minnesota,Houston,2,0,0.0,0.0
27057.0,Minnesota,Hubbard,0,0,0.0,0.0
27059.0,Minnesota,Isanti,7,0,0.0,0.0
27061.0,Minnesota,Itasca,24,0,0.0,0.0
27063.0,Minnesota,Jackson,29,0,0.0,0.0
27065.0,Minnesota,Kanabec,5,0,1.0,0.0
27067.0,Minnesota,Kandiyohi,261,1,23.0,0.0
27069.0,Minnesota,Kittson,1,0,0.0,0.0
27071.0,Minnesota,Koochiching,1,0,0.0,0.0
27073.0,Minnesota,Lac qui Parle,2,0,0.0,0.0
27075.0,Minnesota,Lake,1,0,0.0,0.0
27077.0,Minnesota,Lake of the Woods,0,0,0.0,0.0
27079.0,Minnesota,Le Sueur,28,0,0.0,0.0
27081.0,Minnesota,Lincoln,3,0,0.0,0.0
27083.0,Minnesota,Lyon,16,0,1.0,0.0
27087.0,Minnesota,Mahnomen,2,1,0.0,0.0
27089.0,Minnesota,Marshall,8,0,0.0,0.0
27091.0,Minnesota,Martin,111,4,0.0,0.0
27085.0,Minnesota,McLeod,8,0,2.0,0.0
27093.0,Minnesota,Meeker,20,0,2.0,0.0
27095.0,Minnesota,Mille Lacs,6,1,0.0,0.0
27097.0,Minnesota,Morrison,12,0,1.0,0.0
27099.0,Minnesota,Mower,37,0,1.0,0.0
27101.0,Minnesota,Murray,26,0,1.0,0.0
27103.0,Minnesota,Nicollet,18,2,0.0,0.0
27105.0,Minnesota,Nobles,1177,2,24.0,0.0
27107.0,Minnesota,Norman,9,0,0.0,0.0
27109.0,Minnesota,Olmsted,351,9,15.0,1.0
27111.0,Minnesota,Otter Tail,21,0,0.0,0.0
80027.0,Minnesota,Out of MN,0,0,0.0,0.0
27113.0,Minnesota,Pennington,1,0,0.0,0.0
27115.0,Minnesota,Pine,61,0,0.0,0.0
27117.0,Minnesota,Pipestone,6,0,1.0,0.0
27119.0,Minnesota,Polk,45,0,2.0,0.0
27121.0,Minnesota,Pope,5,0,2.0,0.0
27123.0,Minnesota,Ramsey,800,42,83.0,3.0
27125.0,Minnesota,Red Lake,1,0,0.0,0.0
27127.0,Minnesota,Redwood,3,0,0.0,0.0
27129.0,Minnesota,Renville,6,0,0.0,0.0
27131.0,Minnesota,Rice,81,1,33.0,0.0
27133.0,Minnesota,Rock,19,0,0.0,0.0
27135.0,Minnesota,Roseau,1,0,0.0,0.0
27139.0,Minnesota,Scott,121,1,21.0,0.0
27141.0,Minnesota,Sherburne,95,1,7.0,0.0
27143.0,Minnesota,Sibley,3,0,1.0,0.0
27137.0,Minnesota,St. Louis,90,12,1.0,1.0
27145.0,Minnesota,Stearns,1274,4,113.0,0.0
27147.0,Minnesota,Steele,45,0,8.0,0.0
27149.0,Minnesota,Stevens,1,0,0.0,0.0
27151.0,Minnesota,Swift,3,0,1.0,0.0
27153.0,Minnesota,Todd,29,0,3.0,0.0
27155.0,Minnesota,Traverse,3,0,1.0,0.0
90027.0,Minnesota,Unassigned,31,0,11.0,0.0
27157.0,Minnesota,Wabasha,13,0,1.0,0.0
27159.0,Minnesota,Wadena,4,0,0.0,0.0
27161.0,Minnesota,Waseca,13,0,1.0,0.0
27163.0,Minnesota,Washington,211,12,18.0,0.0
27165.0,Minnesota,Watonwan,19,0,1.0,0.0
27167.0,Minnesota,Wilkin,11,3,0.0,0.0
27169.0,Minnesota,Winona,68,15,0.0,0.0
27171.0,Minnesota,Wright,83,1,10.0,0.0
27173.0,Minnesota,Yellow Medicine,3,0,0.0,0.0
28001.0,Mississippi,Adams,157,11,0.0,0.0
28003.0,Mississippi,Alcorn,10,1,0.0,0.0
28005.0,Mississippi,Amite,33,0,0.0,0.0
28007.0,Mississippi,Attala,182,4,12.0,1.0
28009.0,Mississippi,Benton,13,0,0.0,0.0
28011.0,Mississippi,Bolivar,118,8,3.0,0.0
28013.0,Mississippi,Calhoun,57,4,0.0,0.0
28015.0,Mississippi,Carroll,97,4,-2.0,1.0
28017.0,Mississippi,Chickasaw,88,10,4.0,1.0
28019.0,Mississippi,Choctaw,15,2,1.0,0.0
28021.0,Mississippi,Claiborne,37,0,4.0,0.0
28023.0,Mississippi,Clarke,77,7,6.0,1.0
28025.0,Mississippi,Clay,64,3,1.0,0.0
28027.0,Mississippi,Coahoma,71,3,1.0,0.0
28029.0,Mississippi,Copiah,152,2,11.0,1.0
28031.0,Mississippi,Covington,88,1,4.0,1.0
28033.0,Mississippi,DeSoto,325,5,5.0,0.0
28035.0,Mississippi,Forrest,294,20,11.0,2.0
28037.0,Mississippi,Franklin,17,1,-1.0,0.0
28039.0,Mississippi,George,15,1,0.0,0.0
28041.0,Mississippi,Greene,6,1,0.0,0.0
28043.0,Mississippi,Grenada,45,2,0.0,0.0
28045.0,Mississippi,Hancock,72,9,0.0,0.0
28047.0,Mississippi,Harrison,193,6,5.0,0.0
28049.0,Mississippi,Hinds,657,11,57.0,0.0
28051.0,Mississippi,Holmes,196,17,6.0,1.0
28053.0,Mississippi,Humphreys,28,4,0.0,0.0
28055.0,Mississippi,Issaquena,0,0,0.0,0.0
28057.0,Mississippi,Itawamba,67,6,1.0,0.0
28059.0,Mississippi,Jackson,273,11,1.0,0.0
28061.0,Mississippi,Jasper,84,2,8.0,0.0
28063.0,Mississippi,Jefferson,30,0,0.0,0.0
28065.0,Mississippi,Jefferson Davis,51,1,4.0,0.0
28067.0,Mississippi,Jones,223,4,14.0,0.0
28069.0,Mississippi,Kemper,89,6,5.0,0.0
28071.0,Mississippi,Lafayette,98,3,2.0,0.0
28073.0,Mississippi,Lamar,141,4,5.0,0.0
28075.0,Mississippi,Lauderdale,463,41,13.0,1.0
28077.0,Mississippi,Lawrence,63,0,2.0,0.0
28079.0,Mississippi,Leake,286,2,19.0,0.0
28081.0,Mississippi,Lee,77,4,4.0,0.0
28083.0,Mississippi,Leflore,182,18,2.0,0.0
28085.0,Mississippi,Lincoln,179,12,0.0,0.0
28087.0,Mississippi,Lowndes,73,3,2.0,0.0
28089.0,Mississippi,Madison,404,12,71.0,0.0
28091.0,Mississippi,Marion,82,7,2.0,0.0
28093.0,Mississippi,Marshall,52,2,2.0,0.0
28095.0,Mississippi,Monroe,191,20,3.0,0.0
28097.0,Mississippi,Montgomery,65,1,9.0,0.0
28099.0,Mississippi,Neshoba,287,12,26.0,1.0
28101.0,Mississippi,Newton,130,0,9.0,0.0
28103.0,Mississippi,Noxubee,100,2,3.0,0.0
28105.0,Mississippi,Oktibbeha,73,4,11.0,0.0
80028.0,Mississippi,Out of MS,0,0,0.0,0.0
28107.0,Mississippi,Panola,43,2,0.0,0.0
28109.0,Mississippi,Pearl River,189,24,1.0,0.0
28111.0,Mississippi,Perry,32,1,-1.0,0.0
28113.0,Mississippi,Pike,163,10,1.0,1.0
28115.0,Mississippi,Pontotoc,22,2,0.0,0.0
28117.0,Mississippi,Prentiss,33,2,0.0,0.0
28119.0,Mississippi,Quitman,16,0,0.0,0.0
28121.0,Mississippi,Rankin,238,6,7.0,0.0
28123.0,Mississippi,Scott,438,6,15.0,1.0
28125.0,Mississippi,Sharkey,5,0,0.0,0.0
28127.0,Mississippi,Simpson,60,0,4.0,0.0
28129.0,Mississippi,Smith,99,6,4.0,0.0
28131.0,Mississippi,Stone,23,0,0.0,0.0
28133.0,Mississippi,Sunflower,63,3,2.0,0.0
28135.0,Mississippi,Tallahatchie,12,1,0.0,0.0
28137.0,Mississippi,Tate,49,0,1.0,0.0
28139.0,Mississippi,Tippah,63,10,2.0,0.0
28141.0,Mississippi,Tishomingo,9,0,1.0,0.0
28143.0,Mississippi,Tunica,38,2,-1.0,0.0
90028.0,Mississippi,Unassigned,0,0,0.0,0.0
28145.0,Mississippi,Union,42,3,1.0,0.0
28147.0,Mississippi,Walthall,37,0,1.0,0.0
28149.0,Mississippi,Warren,94,2,4.0,0.0
28151.0,Mississippi,Washington,80,3,2.0,0.0
28153.0,Mississippi,Wayne,27,0,0.0,0.0
28155.0,Mississippi,Webster,21,1,0.0,0.0
28157.0,Mississippi,Wilkinson,74,9,0.0,0.0
28159.0,Mississippi,Winston,61,0,4.0,0.0
28161.0,Mississippi,Yalobusha,27,0,2.0,0.0
28163.0,Mississippi,Yazoo,162,2,8.0,0.0
29001.0,Missouri,Adair,12,0,0.0,0.0
29003.0,Missouri,Andrew,6,0,0.0,0.0
29005.0,Missouri,Atchison,2,0,0.0,0.0
29007.0,Missouri,Audrain,1,0,0.0,0.0
29009.0,Missouri,Barry,6,0,0.0,0.0
29011.0,Missouri,Barton,0,0,0.0,0.0
29013.0,Missouri,Bates,6,1,0.0,0.0
29015.0,Missouri,Benton,8,0,0.0,0.0
29017.0,Missouri,Bollinger,4,0,0.0,0.0
29019.0,Missouri,Boone,98,1,0.0,0.0
29021.0,Missouri,Buchanan,409,3,5.0,0.0
29023.0,Missouri,Butler,26,0,0.0,0.0
29025.0,Missouri,Caldwell,3,0,0.0,0.0
29027.0,Missouri,Callaway,23,1,0.0,0.0
29029.0,Missouri,Camden,35,1,0.0,0.0
29031.0,Missouri,Cape Girardeau,49,1,0.0,0.0
29033.0,Missouri,Carroll,3,0,0.0,0.0
29035.0,Missouri,Carter,3,1,0.0,0.0
29037.0,Missouri,Cass,65,7,0.0,1.0
29039.0,Missouri,Cedar,9,0,0.0,0.0
29041.0,Missouri,Chariton,5,0,-1.0,0.0
29043.0,Missouri,Christian,20,0,0.0,0.0
29045.0,Missouri,Clark,1,0,0.0,0.0
29047.0,Missouri,Clay,90,2,-1.0,0.0
29049.0,Missouri,Clinton,14,0,1.0,0.0
29051.0,Missouri,Cole,54,1,-1.0,0.0
29053.0,Missouri,Cooper,9,0,0.0,0.0
29055.0,Missouri,Crawford,8,0,0.0,0.0
29057.0,Missouri,Dade,0,0,0.0,0.0
29059.0,Missouri,Dallas,2,0,0.0,0.0
29061.0,Missouri,Daviess,3,0,0.0,0.0
29063.0,Missouri,DeKalb,4,0,1.0,0.0
29065.0,Missouri,Dent,0,0,0.0,0.0
29067.0,Missouri,Douglas,0,0,0.0,0.0
29069.0,Missouri,Dunklin,24,2,1.0,0.0
29071.0,Missouri,Franklin,129,13,-8.0,0.0
29073.0,Missouri,Gasconade,2,0,0.0,0.0
29075.0,Missouri,Gentry,1,0,0.0,0.0
29077.0,Missouri,Greene,103,8,4.0,0.0
29079.0,Missouri,Grundy,0,0,0.0,0.0
29081.0,Missouri,Harrison,6,0,0.0,0.0
29083.0,Missouri,Henry,9,1,1.0,0.0
29085.0,Missouri,Hickory,0,0,0.0,0.0
29087.0,Missouri,Holt,1,0,0.0,0.0
29089.0,Missouri,Howard,3,0,0.0,0.0
29091.0,Missouri,Howell,5,0,0.0,0.0
29093.0,Missouri,Iron,2,0,0.0,0.0
29095.0,Missouri,Jackson,380,16,7.0,0.0
29097.0,Missouri,Jasper,24,0,0.0,0.0
29099.0,Missouri,Jefferson,307,12,3.0,2.0
29101.0,Missouri,Johnson,62,0,0.0,0.0
,Missouri,Kansas City,739,16,16.0,0.0
29103.0,Missouri,Knox,0,0,0.0,0.0
29105.0,Missouri,Laclede,0,0,0.0,0.0
29107.0,Missouri,Lafayette,59,1,1.0,0.0
29109.0,Missouri,Lawrence,7,0,5.0,0.0
29111.0,Missouri,Lewis,6,1,0.0,0.0
29113.0,Missouri,Lincoln,77,1,0.0,0.0
29115.0,Missouri,Linn,5,1,0.0,0.0
29117.0,Missouri,Livingston,3,0,-1.0,0.0
29121.0,Missouri,Macon,2,0,-1.0,0.0
29123.0,Missouri,Madison,2,0,0.0,0.0
29125.0,Missouri,Maries,2,0,0.0,0.0
29127.0,Missouri,Marion,5,0,0.0,0.0
29119.0,Missouri,McDonald,4,0,0.0,0.0
29129.0,Missouri,Mercer,0,0,0.0,0.0
29131.0,Missouri,Miller,3,0,0.0,0.0
29133.0,Missouri,Mississippi,49,0,16.0,0.0
29135.0,Missouri,Moniteau,43,0,-8.0,0.0
29137.0,Missouri,Monroe,0,0,0.0,0.0
29139.0,Missouri,Montgomery,7,0,0.0,0.0
29141.0,Missouri,Morgan,7,0,1.0,0.0
29143.0,Missouri,New Madrid,11,0,0.0,0.0
29145.0,Missouri,Newton,11,1,0.0,0.0
29147.0,Missouri,Nodaway,5,0,0.0,0.0
29149.0,Missouri,Oregon,2,0,0.0,0.0
29151.0,Missouri,Osage,5,0,0.0,0.0
80029.0,Missouri,Out of MO,0,0,0.0,0.0
29153.0,Missouri,Ozark,0,0,0.0,0.0
29155.0,Missouri,Pemiscot,57,3,2.0,0.0
29157.0,Missouri,Perry,45,0,1.0,0.0
29159.0,Missouri,Pettis,57,0,1.0,0.0
29161.0,Missouri,Phelps,2,0,-1.0,0.0
29163.0,Missouri,Pike,13,0,1.0,0.0
29165.0,Missouri,Platte,39,0,1.0,0.0
29167.0,Missouri,Polk,1,0,0.0,0.0
29169.0,Missouri,Pulaski,36,1,0.0,0.0
29171.0,Missouri,Putnam,0,0,0.0,0.0
29173.0,Missouri,Ralls,1,0,0.0,0.0
29175.0,Missouri,Randolph,8,0,0.0,0.0
29177.0,Missouri,Ray,12,0,0.0,0.0
29179.0,Missouri,Reynolds,2,0,0.0,0.0
29181.0,Missouri,Ripley,5,0,0.0,0.0
29195.0,Missouri,Saline,214,0,3.0,0.0
29197.0,Missouri,Schuyler,0,0,0.0,0.0
29199.0,Missouri,Scotland,4,0,0.0,0.0
29201.0,Missouri,Scott,78,5,1.0,2.0
29203.0,Missouri,Shannon,0,0,0.0,0.0
29205.0,Missouri,Shelby,1,0,0.0,0.0
29183.0,Missouri,St. Charles,655,46,9.0,1.0
29185.0,Missouri,St. Clair,2,0,0.0,0.0
29187.0,Missouri,St. Francois,29,1,0.0,0.0
29189.0,Missouri,St. Louis,3888,346,62.0,13.0
29510.0,Missouri,St. Louis City,1474,85,24.0,2.0
29186.0,Missouri,Ste. Genevieve,8,1,-1.0,0.0
29207.0,Missouri,Stoddard,24,0,0.0,0.0
29209.0,Missouri,Stone,3,0,0.0,0.0
29211.0,Missouri,Sullivan,1,0,0.0,0.0
29213.0,Missouri,Taney,12,2,0.0,0.0
29215.0,Missouri,Texas,0,0,0.0,0.0
90029.0,Missouri,Unassigned,0,0,0.0,0.0
29217.0,Missouri,Vernon,4,0,-1.0,0.0
29219.0,Missouri,Warren,28,0,2.0,0.0
29221.0,Missouri,Washington,9,1,0.0,0.0
29223.0,Missouri,Wayne,0,0,0.0,0.0
29225.0,Missouri,Webster,16,0,1.0,0.0
29227.0,Missouri,Worth,1,0,0.0,0.0
29229.0,Missouri,Wright,10,0,0.0,0.0
30001.0,Montana,Beaverhead,1,0,0.0,0.0
30003.0,Montana,Big Horn,3,0,0.0,0.0
30005.0,Montana,Blaine,0,0,0.0,0.0
30007.0,Montana,Broadwater,4,0,0.0,0.0
30009.0,Montana,Carbon,6,0,0.0,0.0
30011.0,Montana,Carter,0,0,0.0,0.0
30013.0,Montana,Cascade,16,2,0.0,0.0
30015.0,Montana,Chouteau,0,0,0.0,0.0
30017.0,Montana,Custer,0,0,0.0,0.0
30019.0,Montana,Daniels,0,0,0.0,0.0
30021.0,Montana,Dawson,0,0,0.0,0.0
30023.0,Montana,Deer Lodge,3,0,0.0,0.0
30025.0,Montana,Fallon,0,0,0.0,0.0
30027.0,Montana,Fergus,0,0,0.0,0.0
30029.0,Montana,Flathead,37,2,0.0,0.0
30031.0,Montana,Gallatin,148,1,2.0,0.0
30033.0,Montana,Garfield,0,0,0.0,0.0
30035.0,Montana,Glacier,6,0,0.0,0.0
30037.0,Montana,Golden Valley,3,0,0.0,0.0
30039.0,Montana,Granite,0,0,0.0,0.0
30041.0,Montana,Hill,1,0,0.0,0.0
30043.0,Montana,Jefferson,2,0,0.0,0.0
30045.0,Montana,Judith Basin,0,0,0.0,0.0
30047.0,Montana,Lake,5,0,0.0,0.0
30049.0,Montana,Lewis and Clark,16,0,0.0,0.0
30051.0,Montana,Liberty,1,0,0.0,0.0
30053.0,Montana,Lincoln,7,1,0.0,0.0
30057.0,Montana,Madison,8,1,0.0,0.0
30055.0,Montana,McCone,0,0,0.0,0.0
30059.0,Montana,Meagher,1,0,0.0,0.0
30061.0,Montana,Mineral,0,0,0.0,0.0
30063.0,Montana,Missoula,39,1,0.0,0.0
30065.0,Montana,Musselshell,1,0,0.0,0.0
80030.0,Montana,Out of MT,0,0,0.0,0.0
30067.0,Montana,Park,8,0,0.0,0.0
30069.0,Montana,Petroleum,0,0,0.0,0.0
30071.0,Montana,Phillips,0,0,0.0,0.0
30073.0,Montana,Pondera,2,0,0.0,0.0
30075.0,Montana,Powder River,0,0,0.0,0.0
30077.0,Montana,Powell,0,0,0.0,0.0
30079.0,Montana,Prairie,0,0,0.0,0.0
30081.0,Montana,Ravalli,5,0,0.0,0.0
30083.0,Montana,Richland,3,0,0.0,0.0
30085.0,Montana,Roosevelt,7,0,0.0,0.0
30087.0,Montana,Rosebud,0,0,0.0,0.0
30089.0,Montana,Sanders,0,0,0.0,0.0
30091.0,Montana,Sheridan,0,0,0.0,0.0
30093.0,Montana,Silver Bow,11,0,0.0,0.0
30095.0,Montana,Stillwater,1,0,0.0,0.0
30097.0,Montana,Sweet Grass,0,0,0.0,0.0
30099.0,Montana,Teton,0,0,0.0,0.0
30101.0,Montana,Toole,29,6,0.0,0.0
30103.0,Montana,Treasure,0,0,0.0,0.0
90030.0,Montana,Unassigned,0,0,0.0,0.0
30105.0,Montana,Valley,0,0,0.0,0.0
30107.0,Montana,Wheatland,1,0,0.0,0.0
30109.0,Montana,Wibaux,0,0,0.0,0.0
30111.0,Montana,Yellowstone,83,2,0.0,0.0
31001.0,Nebraska,Adams,218,3,2.0,0.0
31003.0,Nebraska,Antelope,5,0,1.0,0.0
31005.0,Nebraska,Arthur,0,0,0.0,0.0
31007.0,Nebraska,Banner,0,0,0.0,0.0
31009.0,Nebraska,Blaine,0,0,0.0,0.0
31011.0,Nebraska,Boone,2,0,0.0,0.0
31013.0,Nebraska,Box Butte,1,0,0.0,0.0
31015.0,Nebraska,Boyd,0,0,0.0,0.0
31017.0,Nebraska,Brown,0,0,0.0,0.0
31019.0,Nebraska,Buffalo,119,1,0.0,0.0
31021.0,Nebraska,Burt,5,0,0.0,0.0
31023.0,Nebraska,Butler,15,0,2.0,0.0
31025.0,Nebraska,Cass,9,0,0.0,0.0
31027.0,Nebraska,Cedar,5,0,0.0,0.0
31029.0,Nebraska,Chase,0,0,0.0,0.0
31031.0,Nebraska,Cherry,1,0,0.0,0.0
31033.0,Nebraska,Cheyenne,8,0,1.0,0.0
31035.0,Nebraska,Clay,11,0,1.0,0.0
31037.0,Nebraska,Colfax,391,0,53.0,0.0
31039.0,Nebraska,Cuming,10,0,0.0,0.0
31041.0,Nebraska,Custer,27,3,0.0,0.0
31043.0,Nebraska,Dakota,1323,3,306.0,0.0
31045.0,Nebraska,Dawes,0,0,0.0,0.0
31047.0,Nebraska,Dawson,680,0,1.0,0.0
31049.0,Nebraska,Deuel,0,0,0.0,0.0
31051.0,Nebraska,Dixon,23,0,8.0,0.0
31053.0,Nebraska,Dodge,139,0,1.0,0.0
31055.0,Nebraska,Douglas,1342,14,121.0,0.0
31057.0,Nebraska,Dundy,0,0,0.0,0.0
31059.0,Nebraska,Fillmore,3,0,0.0,0.0
31061.0,Nebraska,Franklin,5,0,0.0,0.0
31063.0,Nebraska,Frontier,1,0,0.0,0.0
31065.0,Nebraska,Furnas,4,0,0.0,0.0
31067.0,Nebraska,Gage,40,3,0.0,0.0
31069.0,Nebraska,Garden,0,0,0.0,0.0
31071.0,Nebraska,Garfield,0,0,0.0,0.0
31073.0,Nebraska,Gosper,12,0,0.0,0.0
31075.0,Nebraska,Grant,0,0,0.0,0.0
31077.0,Nebraska,Greeley,2,0,0.0,0.0
31079.0,Nebraska,Hall,1311,28,5.0,0.0
31081.0,Nebraska,Hamilton,45,7,0.0,0.0
31083.0,Nebraska,Harlan,0,0,0.0,0.0
31085.0,Nebraska,Hayes,0,0,0.0,0.0
31087.0,Nebraska,Hitchcock,1,0,0.0,0.0
31089.0,Nebraska,Holt,1,0,0.0,0.0
31091.0,Nebraska,Hooker,0,0,0.0,0.0
31093.0,Nebraska,Howard,21,0,2.0,0.0
31095.0,Nebraska,Jefferson,4,0,0.0,0.0
31097.0,Nebraska,Johnson,5,0,1.0,0.0
31099.0,Nebraska,Kearney,6,0,0.0,0.0
31101.0,Nebraska,Keith,2,0,1.0,0.0
31103.0,Nebraska,Keya Paha,0,0,0.0,0.0
31105.0,Nebraska,Kimball,9,0,0.0,0.0
31107.0,Nebraska,Knox,5,0,0.0,0.0
31109.0,Nebraska,Lancaster,547,1,44.0,0.0
31111.0,Nebraska,Lincoln,39,1,2.0,0.0
31113.0,Nebraska,Logan,0,0,0.0,0.0
31115.0,Nebraska,Loup,0,0,0.0,0.0
31119.0,Nebraska,Madison,243,3,6.0,0.0
31117.0,Nebraska,McPherson,0,0,0.0,0.0
31121.0,Nebraska,Merrick,21,0,1.0,0.0
31123.0,Nebraska,Morrill,8,0,1.0,0.0
31125.0,Nebraska,Nance,4,0,0.0,0.0
31127.0,Nebraska,Nemaha,1,0,0.0,0.0
31129.0,Nebraska,Nuckolls,0,0,0.0,0.0
31131.0,Nebraska,Otoe,2,0,-1.0,0.0
80031.0,Nebraska,Out of NE,0,0,0.0,0.0
31133.0,Nebraska,Pawnee,0,0,0.0,0.0
31135.0,Nebraska,Perkins,0,0,0.0,0.0
31137.0,Nebraska,Phelps,8,0,0.0,0.0
31139.0,Nebraska,Pierce,1,0,0.0,0.0
31141.0,Nebraska,Platte,324,0,38.0,0.0
31143.0,Nebraska,Polk,9,0,0.0,0.0
31145.0,Nebraska,Red Willow,5,0,0.0,0.0
31147.0,Nebraska,Richardson,0,0,0.0,0.0
31149.0,Nebraska,Rock,0,0,0.0,0.0
31151.0,Nebraska,Saline,320,0,0.0,0.0
31153.0,Nebraska,Sarpy,218,0,20.0,0.0
31155.0,Nebraska,Saunders,11,0,1.0,0.0
31157.0,Nebraska,Scotts Bluff,39,0,4.0,0.0
31159.0,Nebraska,Seward,16,1,1.0,0.0
31161.0,Nebraska,Sheridan,0,0,0.0,0.0
31163.0,Nebraska,Sherman,2,0,0.0,0.0
31165.0,Nebraska,Sioux,0,0,0.0,0.0
31167.0,Nebraska,Stanton,8,0,0.0,0.0
31169.0,Nebraska,Thayer,0,0,0.0,0.0
31171.0,Nebraska,Thomas,1,0,0.0,0.0
31173.0,Nebraska,Thurston,12,0,3.0,0.0
90031.0,Nebraska,Unassigned,124,21,-142.0,-1.0
31175.0,Nebraska,Valley,1,0,0.0,0.0
31177.0,Nebraska,Washington,22,1,0.0,0.0
31179.0,Nebraska,Wayne,1,0,0.0,0.0
31181.0,Nebraska,Webster,5,0,0.0,0.0
31183.0,Nebraska,Wheeler,0,0,0.0,0.0
31185.0,Nebraska,York,15,0,0.0,0.0
32510.0,Nevada,Carson City,51,1,0.0,0.0
32001.0,Nevada,Churchill,3,0,0.0,0.0
32003.0,Nevada,Clark,4573,245,0.0,0.0
32005.0,Nevada,Douglas,23,0,1.0,0.0
32007.0,Nevada,Elko,15,1,0.0,0.0
32009.0,Nevada,Esmeralda,0,0,0.0,0.0
32011.0,Nevada,Eureka,0,0,0.0,0.0
32013.0,Nevada,Humboldt,58,3,0.0,0.0
32015.0,Nevada,Lander,14,0,0.0,0.0
32017.0,Nevada,Lincoln,1,0,0.0,0.0
32019.0,Nevada,Lyon,37,0,0.0,0.0
32021.0,Nevada,Mineral,4,0,0.0,0.0
32023.0,Nevada,Nye,44,0,0.0,0.0
80032.0,Nevada,Out of NV,0,0,0.0,0.0
32027.0,Nevada,Pershing,0,0,0.0,0.0
32029.0,Nevada,Storey,0,0,0.0,0.0
90032.0,Nevada,Unassigned,29,5,29.0,-4.0
32031.0,Nevada,Washoe,1065,39,35.0,1.0
32033.0,Nevada,White Pine,3,0,0.0,0.0
33001.0,New Hampshire,Belknap,42,0,0.0,0.0
33003.0,New Hampshire,Carroll,36,0,1.0,0.0
33005.0,New Hampshire,Cheshire,43,2,2.0,0.0
33007.0,New Hampshire,Coos,2,0,0.0,0.0
33009.0,New Hampshire,Grafton,56,1,1.0,0.0
33011.0,New Hampshire,Hillsborough,1375,40,67.0,0.0
33013.0,New Hampshire,Merrimack,227,6,7.0,0.0
80033.0,New Hampshire,Out of NH,0,0,0.0,0.0
33015.0,New Hampshire,Rockingham,949,28,16.0,0.0
33017.0,New Hampshire,Strafford,175,8,3.0,0.0
33019.0,New Hampshire,Sullivan,14,1,0.0,0.0
90033.0,New Hampshire,Unassigned,28,35,7.0,7.0
34001.0,New Jersey,Atlantic,1423,68,121.0,6.0
34003.0,New Jersey,Bergen,16709,1329,100.0,10.0
34005.0,New Jersey,Burlington,3431,190,64.0,5.0
34007.0,New Jersey,Camden,4619,199,140.0,6.0
34009.0,New Jersey,Cape May,424,31,23.0,0.0
34011.0,New Jersey,Cumberland,1124,28,34.0,3.0
34013.0,New Jersey,Essex,15350,1402,135.0,27.0
34015.0,New Jersey,Gloucester,1593,72,45.0,6.0
34017.0,New Jersey,Hudson,17365,945,223.0,10.0
34019.0,New Jersey,Hunterdon,701,44,16.0,1.0
34021.0,New Jersey,Mercer,5111,322,125.0,9.0
34023.0,New Jersey,Middlesex,13617,748,206.0,11.0
34025.0,New Jersey,Monmouth,6752,429,103.0,1.0
34027.0,New Jersey,Morris,5767,506,65.0,3.0
34029.0,New Jersey,Ocean,7277,516,68.0,16.0
80034.0,New Jersey,Out of NJ,0,0,0.0,0.0
34031.0,New Jersey,Passaic,14280,715,147.0,12.0
34033.0,New Jersey,Salem,363,18,5.0,0.0
34035.0,New Jersey,Somerset,3968,328,54.0,8.0
34037.0,New Jersey,Sussex,1015,125,9.0,2.0
90034.0,New Jersey,Unassigned,0,1675,0.0,22.0
34039.0,New Jersey,Union,13917,844,136.0,15.0
34041.0,New Jersey,Warren,1034,101,30.0,2.0
35001.0,New Mexico,Bernalillo,1030,45,18.0,1.0
35003.0,New Mexico,Catron,2,1,0.0,0.0
35005.0,New Mexico,Chaves,27,2,1.0,1.0
35006.0,New Mexico,Cibola,85,3,3.0,0.0
35007.0,New Mexico,Colfax,5,0,0.0,0.0
35009.0,New Mexico,Curry,28,0,2.0,0.0
35011.0,New Mexico,De Baca,0,0,-1.0,0.0
35013.0,New Mexico,Dona Ana,206,2,9.0,0.0
35015.0,New Mexico,Eddy,14,1,1.0,0.0
35017.0,New Mexico,Grant,15,0,0.0,0.0
35019.0,New Mexico,Guadalupe,15,0,0.0,0.0
35021.0,New Mexico,Harding,1,0,0.0,0.0
35023.0,New Mexico,Hidalgo,0,0,0.0,0.0
35025.0,New Mexico,Lea,14,0,0.0,0.0
35027.0,New Mexico,Lincoln,2,0,0.0,0.0
35028.0,New Mexico,Los Alamos,6,0,0.0,0.0
35029.0,New Mexico,Luna,7,1,0.0,0.0
35031.0,New Mexico,McKinley,1460,36,58.0,5.0
35033.0,New Mexico,Mora,0,0,0.0,0.0
35035.0,New Mexico,Otero,15,0,6.0,0.0
80035.0,New Mexico,Out of NM,0,0,0.0,0.0
35037.0,New Mexico,Quay,4,1,0.0,0.0
35039.0,New Mexico,Rio Arriba,27,0,1.0,0.0
35041.0,New Mexico,Roosevelt,11,0,0.0,0.0
35045.0,New Mexico,San Juan,989,64,68.0,2.0
35047.0,New Mexico,San Miguel,5,0,1.0,0.0
35043.0,New Mexico,Sandoval,451,20,12.0,0.0
35049.0,New Mexico,Santa Fe,110,1,0.0,0.0
35051.0,New Mexico,Sierra,1,0,0.0,0.0
35053.0,New Mexico,Socorro,48,2,0.0,0.0
35055.0,New Mexico,Taos,20,0,0.0,0.0
35057.0,New Mexico,Torrance,17,1,0.0,0.0
90035.0,New Mexico,Unassigned,0,0,0.0,0.0
35059.0,New Mexico,Union,3,0,0.0,0.0
35061.0,New Mexico,Valencia,55,1,1.0,0.0
36001.0,New York,Albany,1384,53,36.0,0.0
36003.0,New York,Allegany,35,0,0.0,0.0
36005.0,New York,Bronx,40533,3356,352.0,22.0
36007.0,New York,Broome,364,23,4.0,0.0
36009.0,New York,Cattaraugus,59,0,0.0,0.0
36011.0,New York,Cayuga,52,1,0.0,0.0
36013.0,New York,Chautauqua,40,4,0.0,0.0
36015.0,New York,Chemung,130,1,1.0,0.0
36017.0,New York,Chenango,105,0,0.0,0.0
36019.0,New York,Clinton,74,4,5.0,0.0
36021.0,New York,Columbia,304,16,2.0,0.0
36023.0,New York,Cortland,29,0,0.0,0.0
36025.0,New York,Delaware,63,4,0.0,0.0
36027.0,New York,Dutchess,3277,96,44.0,56.0
36029.0,New York,Erie,4255,346,119.0,23.0
36031.0,New York,Essex,31,0,1.0,0.0
36033.0,New York,Franklin,17,0,1.0,0.0
36035.0,New York,Fulton,103,0,2.0,0.0
36037.0,New York,Genesee,169,3,1.0,0.0
36039.0,New York,Greene,199,10,1.0,0.0
36041.0,New York,Hamilton,5,0,0.0,0.0
36043.0,New York,Herkimer,76,3,2.0,0.0
36045.0,New York,Jefferson,66,0,2.0,0.0
36047.0,New York,Kings,48998,4885,448.0,43.0
36049.0,New York,Lewis,10,0,0.0,0.0
36051.0,New York,Livingston,100,6,5.0,0.0
36053.0,New York,Madison,249,6,3.0,0.0
36055.0,New York,Monroe,1735,143,47.0,6.0
36057.0,New York,Montgomery,64,1,1.0,0.0
36059.0,New York,Nassau,37812,1918,219.0,14.0
36061.0,New York,New York,23730,2091,201.0,13.0
36063.0,New York,Niagara,605,28,17.0,0.0
36065.0,New York,Oneida,620,20,11.0,2.0
36067.0,New York,Onondaga,1169,65,54.0,24.0
36069.0,New York,Ontario,104,9,3.0,0.0
36071.0,New York,Orange,9402,367,74.0,3.0
36073.0,New York,Orleans,121,14,13.0,0.0
36075.0,New York,Oswego,72,3,2.0,0.0
36077.0,New York,Otsego,67,4,0.0,0.0
80036.0,New York,Out of NY,0,0,0.0,0.0
36079.0,New York,Putnam,1074,7,8.0,0.0
36081.0,New York,Queens,55944,5149,494.0,48.0
36083.0,New York,Rensselaer,380,23,13.0,0.0
36085.0,New York,Richmond,12578,753,72.0,5.0
36087.0,New York,Rockland,12349,562,69.0,5.0
36091.0,New York,Saratoga,388,11,14.0,0.0
36093.0,New York,Schenectady,558,28,7.0,0.0
36095.0,New York,Schoharie,45,0,0.0,0.0
36097.0,New York,Schuyler,7,0,0.0,0.0
36099.0,New York,Seneca,46,0,0.0,0.0
36089.0,New York,St. Lawrence,187,0,6.0,0.0
36101.0,New York,Steuben,225,37,1.0,0.0
36103.0,New York,Suffolk,36223,1568,331.0,21.0
36105.0,New York,Sullivan,1039,23,18.0,0.0
36107.0,New York,Tioga,99,14,2.0,0.0
36109.0,New York,Tompkins,131,0,1.0,0.0
36111.0,New York,Ulster,1429,54,13.0,3.0
90036.0,New York,Unassigned,0,4317,0.0,22.0
36113.0,New York,Warren,199,0,6.0,0.0
36115.0,New York,Washington,201,8,11.0,0.0
36117.0,New York,Wayne,79,2,1.0,0.0
36119.0,New York,Westchester,30905,1191,197.0,7.0
36121.0,New York,Wyoming,73,5,2.0,0.0
36123.0,New York,Yates,20,1,1.0,0.0
37001.0,North Carolina,Alamance,152,3,3.0,0.0
37003.0,North Carolina,Alexander,10,0,2.0,0.0
37005.0,North Carolina,Alleghany,7,0,0.0,0.0
37007.0,North Carolina,Anson,39,0,2.0,0.0
37009.0,North Carolina,Ashe,8,0,0.0,0.0
37011.0,North Carolina,Avery,0,0,0.0,0.0
37013.0,North Carolina,Beaufort,24,0,1.0,0.0
37015.0,North Carolina,Bertie,61,2,3.0,0.0
37017.0,North Carolina,Bladen,51,0,1.0,0.0
37019.0,North Carolina,Brunswick,49,2,0.0,0.0
37021.0,North Carolina,Buncombe,94,5,5.0,0.0
37023.0,North Carolina,Burke,130,11,3.0,0.0
37025.0,North Carolina,Cabarrus,338,17,2.0,0.0
37027.0,North Carolina,Caldwell,56,0,3.0,0.0
37029.0,North Carolina,Camden,2,0,0.0,0.0
37031.0,North Carolina,Carteret,30,3,1.0,0.0
37033.0,North Carolina,Caswell,39,0,1.0,0.0
37035.0,North Carolina,Catawba,73,1,3.0,0.0
37037.0,North Carolina,Chatham,449,11,9.0,0.0
37039.0,North Carolina,Cherokee,24,1,0.0,0.0
37041.0,North Carolina,Chowan,10,0,1.0,0.0
37043.0,North Carolina,Clay,7,0,0.0,0.0
37045.0,North Carolina,Cleveland,51,2,0.0,0.0
37047.0,North Carolina,Columbus,198,13,10.0,2.0
37049.0,North Carolina,Craven,51,4,2.0,0.0
37051.0,North Carolina,Cumberland,367,9,13.0,0.0
37053.0,North Carolina,Currituck,9,0,0.0,0.0
37055.0,North Carolina,Dare,15,1,1.0,0.0
37057.0,North Carolina,Davidson,201,10,3.0,0.0
37059.0,North Carolina,Davie,32,2,1.0,0.0
37061.0,North Carolina,Duplin,225,3,35.0,0.0
37063.0,North Carolina,Durham,864,31,18.0,1.0
37065.0,North Carolina,Edgecombe,147,7,11.0,0.0
37067.0,North Carolina,Forsyth,367,5,17.0,0.0
37069.0,North Carolina,Franklin,112,22,1.0,0.0
37071.0,North Carolina,Gaston,170,4,3.0,0.0
37073.0,North Carolina,Gates,11,0,0.0,0.0
37075.0,North Carolina,Graham,2,0,0.0,0.0
37077.0,North Carolina,Granville,166,6,5.0,0.0
37079.0,North Carolina,Greene,31,0,0.0,0.0
37081.0,North Carolina,Guilford,605,38,16.0,3.0
37083.0,North Carolina,Halifax,85,1,2.0,0.0
37085.0,North Carolina,Harnett,209,12,5.0,0.0
37087.0,North Carolina,Haywood,17,0,1.0,0.0
37089.0,North Carolina,Henderson,241,24,22.0,1.0
37091.0,North Carolina,Hertford,49,1,1.0,0.0
37093.0,North Carolina,Hoke,124,0,4.0,0.0
37095.0,North Carolina,Hyde,1,0,0.0,0.0
37097.0,North Carolina,Iredell,151,6,7.0,0.0
37099.0,North Carolina,Jackson,21,0,0.0,0.0
37101.0,North Carolina,Johnston,201,17,6.0,0.0
37103.0,North Carolina,Jones,19,2,1.0,0.0
37105.0,North Carolina,Lee,247,1,8.0,0.0
37107.0,North Carolina,Lenoir,110,4,2.0,0.0
37109.0,North Carolina,Lincoln,40,0,0.0,0.0
37113.0,North Carolina,Macon,3,1,0.0,0.0
37115.0,North Carolina,Madison,1,0,0.0,0.0
37117.0,North Carolina,Martin,29,1,0.0,0.0
37111.0,North Carolina,McDowell,30,1,0.0,0.0
37119.0,North Carolina,Mecklenburg,2007,58,40.0,0.0
37121.0,North Carolina,Mitchell,5,0,0.0,0.0
37123.0,North Carolina,Montgomery,40,2,0.0,0.0
37125.0,North Carolina,Moore,158,9,4.0,2.0
37127.0,North Carolina,Nash,126,3,3.0,0.0
37129.0,North Carolina,New Hanover,98,3,2.0,0.0
37131.0,North Carolina,Northampton,118,7,3.0,2.0
37133.0,North Carolina,Onslow,53,2,0.0,0.0
37135.0,North Carolina,Orange,267,32,3.0,2.0
80037.0,North Carolina,Out of NC,0,0,0.0,0.0
37137.0,North Carolina,Pamlico,8,0,0.0,0.0
37139.0,North Carolina,Pasquotank,77,3,2.0,1.0
37141.0,North Carolina,Pender,37,1,15.0,0.0
37143.0,North Carolina,Perquimans,18,0,4.0,0.0
37145.0,North Carolina,Person,30,1,1.0,0.0
37147.0,North Carolina,Pitt,160,2,4.0,0.0
37149.0,North Carolina,Polk,29,0,0.0,0.0
37151.0,North Carolina,Randolph,319,5,10.0,0.0
37153.0,North Carolina,Richmond,87,2,9.0,0.0
37155.0,North Carolina,Robeson,389,4,32.0,0.0
37157.0,North Carolina,Rockingham,39,2,1.0,0.0
37159.0,North Carolina,Rowan,472,25,7.0,0.0
37161.0,North Carolina,Rutherford,150,6,2.0,0.0
37163.0,North Carolina,Sampson,142,1,6.0,0.0
37165.0,North Carolina,Scotland,36,0,0.0,0.0
37167.0,North Carolina,Stanly,30,4,0.0,0.0
37169.0,North Carolina,Stokes,11,0,0.0,0.0
37171.0,North Carolina,Surry,35,0,4.0,0.0
37173.0,North Carolina,Swain,6,0,0.0,0.0
37175.0,North Carolina,Transylvania,9,0,0.0,0.0
37177.0,North Carolina,Tyrrell,4,0,0.0,0.0
90037.0,North Carolina,Unassigned,0,0,0.0,0.0
37179.0,North Carolina,Union,290,15,5.0,0.0
37181.0,North Carolina,Vance,163,11,10.0,1.0
37183.0,North Carolina,Wake,1000,23,32.0,2.0
37185.0,North Carolina,Warren,23,0,1.0,0.0
37187.0,North Carolina,Washington,25,3,0.0,0.0
37189.0,North Carolina,Watauga,10,0,0.0,0.0
37191.0,North Carolina,Wayne,733,12,14.0,0.0
37193.0,North Carolina,Wilkes,204,1,7.0,0.0
37195.0,North Carolina,Wilson,207,8,3.0,0.0
37197.0,North Carolina,Yadkin,39,1,6.0,0.0
37199.0,North Carolina,Yancey,7,0,0.0,0.0
38001.0,North Dakota,Adams,0,0,0.0,0.0
38003.0,North Dakota,Barnes,4,0,0.0,0.0
38005.0,North Dakota,Benson,2,0,0.0,0.0
38007.0,North Dakota,Billings,0,0,0.0,0.0
38009.0,North Dakota,Bottineau,0,0,0.0,0.0
38011.0,North Dakota,Bowman,1,0,0.0,0.0
38013.0,North Dakota,Burke,5,0,0.0,0.0
38015.0,North Dakota,Burleigh,103,0,1.0,0.0
38017.0,North Dakota,Cass,752,17,43.0,0.0
38019.0,North Dakota,Cavalier,0,0,0.0,0.0
38021.0,North Dakota,Dickey,0,0,0.0,0.0
38023.0,North Dakota,Divide,1,0,0.0,0.0
38025.0,North Dakota,Dunn,11,0,0.0,0.0
38027.0,North Dakota,Eddy,1,0,0.0,0.0
38029.0,North Dakota,Emmons,1,1,0.0,0.0
38031.0,North Dakota,Foster,1,0,0.0,0.0
38033.0,North Dakota,Golden Valley,0,0,0.0,0.0
38035.0,North Dakota,Grand Forks,282,1,7.0,0.0
38037.0,North Dakota,Grant,1,0,0.0,0.0
38039.0,North Dakota,Griggs,0,0,0.0,0.0
38041.0,North Dakota,Hettinger,0,0,0.0,0.0
38043.0,North Dakota,Kidder,0,0,0.0,0.0
38045.0,North Dakota,LaMoure,0,0,0.0,0.0
38047.0,North Dakota,Logan,0,0,0.0,0.0
38049.0,North Dakota,McHenry,1,1,0.0,0.0
38051.0,North Dakota,McIntosh,1,0,0.0,0.0
38053.0,North Dakota,McKenzie,15,0,0.0,0.0
38055.0,North Dakota,McLean,5,0,0.0,0.0
38057.0,North Dakota,Mercer,3,0,0.0,0.0
38059.0,North Dakota,Morton,35,2,0.0,0.0
38061.0,North Dakota,Mountrail,37,0,2.0,0.0
38063.0,North Dakota,Nelson,1,0,0.0,0.0
38065.0,North Dakota,Oliver,1,0,0.0,0.0
80038.0,North Dakota,Out of ND,0,0,0.0,0.0
38067.0,North Dakota,Pembina,6,0,1.0,0.0
38069.0,North Dakota,Pierce,3,0,0.0,0.0
38071.0,North Dakota,Ramsey,5,0,0.0,0.0
38073.0,North Dakota,Ransom,2,0,0.0,0.0
38075.0,North Dakota,Renville,1,0,0.0,0.0
38077.0,North Dakota,Richland,8,0,0.0,0.0
38079.0,North Dakota,Rolette,2,0,0.0,0.0
38081.0,North Dakota,Sargent,3,0,0.0,0.0
38083.0,North Dakota,Sheridan,0,0,0.0,0.0
38085.0,North Dakota,Sioux,1,0,0.0,0.0
38087.0,North Dakota,Slope,3,0,0.0,0.0
38089.0,North Dakota,Stark,60,2,0.0,0.0
38091.0,North Dakota,Steele,0,0,0.0,0.0
38093.0,North Dakota,Stutsman,12,0,0.0,0.0
38095.0,North Dakota,Towner,0,0,0.0,0.0
38097.0,North Dakota,Traill,1,0,0.0,0.0
90038.0,North Dakota,Unassigned,0,8,0.0,2.0
38099.0,North Dakota,Walsh,8,0,0.0,0.0
38101.0,North Dakota,Ward,26,1,0.0,0.0
38103.0,North Dakota,Wells,2,0,0.0,0.0
38105.0,North Dakota,Williams,18,0,0.0,0.0
69.0,Northern Mariana Islands,Northern Mariana Islands,15,2,0.0,0.0
39001.0,Ohio,Adams,5,0,0.0,0.0
39003.0,Ohio,Allen,139,29,1.0,1.0
39005.0,Ohio,Ashland,12,0,0.0,0.0
39007.0,Ohio,Ashtabula,172,18,3.0,0.0
39009.0,Ohio,Athens,4,1,0.0,0.0
39011.0,Ohio,Auglaize,42,3,6.0,0.0
39013.0,Ohio,Belmont,216,7,11.0,0.0
39015.0,Ohio,Brown,16,1,0.0,0.0
39017.0,Ohio,Butler,404,12,32.0,0.0
39019.0,Ohio,Carroll,23,1,2.0,0.0
39021.0,Ohio,Champaign,16,1,0.0,0.0
39023.0,Ohio,Clark,80,2,6.0,0.0
39025.0,Ohio,Clermont,120,3,10.0,0.0
39027.0,Ohio,Clinton,33,0,1.0,0.0
39029.0,Ohio,Columbiana,313,33,2.0,1.0
39031.0,Ohio,Coshocton,19,0,1.0,0.0
39033.0,Ohio,Crawford,69,1,4.0,0.0
39035.0,Ohio,Cuyahoga,2668,143,77.0,7.0
39037.0,Ohio,Darke,82,14,3.0,0.0
39039.0,Ohio,Defiance,21,1,0.0,0.0
39041.0,Ohio,Delaware,199,4,3.0,0.0
39043.0,Ohio,Erie,78,3,3.0,0.0
39045.0,Ohio,Fairfield,171,2,9.0,0.0
39047.0,Ohio,Fayette,23,0,0.0,0.0
39049.0,Ohio,Franklin,3615,108,238.0,1.0
39051.0,Ohio,Fulton,30,0,0.0,0.0
39053.0,Ohio,Gallia,6,1,0.0,0.0
39055.0,Ohio,Geauga,187,19,3.0,0.0
39057.0,Ohio,Greene,52,5,0.0,0.0
39059.0,Ohio,Guernsey,20,0,0.0,0.0
39061.0,Ohio,Hamilton,1664,100,92.0,7.0
39063.0,Ohio,Hancock,39,1,0.0,0.0
39065.0,Ohio,Hardin,27,0,1.0,0.0
39067.0,Ohio,Harrison,6,0,0.0,0.0
39069.0,Ohio,Henry,8,0,2.0,0.0
39071.0,Ohio,Highland,11,1,0.0,0.0
39073.0,Ohio,Hocking,20,1,0.0,0.0
39075.0,Ohio,Holmes,7,1,0.0,0.0
39077.0,Ohio,Huron,37,1,3.0,0.0
39079.0,Ohio,Jackson,7,0,0.0,0.0
39081.0,Ohio,Jefferson,50,2,1.0,0.0
39083.0,Ohio,Knox,20,1,0.0,0.0
39085.0,Ohio,Lake,192,8,5.0,0.0
39087.0,Ohio,Lawrence,24,0,0.0,0.0
39089.0,Ohio,Licking,150,7,4.0,0.0
39091.0,Ohio,Logan,23,0,0.0,0.0
39093.0,Ohio,Lorain,537,44,9.0,2.0
39095.0,Ohio,Lucas,1665,161,82.0,6.0
39097.0,Ohio,Madison,78,3,5.0,0.0
39099.0,Ohio,Mahoning,1087,119,43.0,4.0
39101.0,Ohio,Marion,2366,13,16.0,0.0
39103.0,Ohio,Medina,190,17,5.0,0.0
39105.0,Ohio,Meigs,3,0,0.0,0.0
39107.0,Ohio,Mercer,62,1,20.0,0.0
39109.0,Ohio,Miami,176,27,31.0,0.0
39111.0,Ohio,Monroe,8,0,3.0,0.0
39113.0,Ohio,Montgomery,356,10,11.0,0.0
39115.0,Ohio,Morgan,5,0,0.0,0.0
39117.0,Ohio,Morrow,84,1,1.0,0.0
39119.0,Ohio,Muskingum,24,0,1.0,0.0
39121.0,Ohio,Noble,5,0,0.0,0.0
39123.0,Ohio,Ottawa,45,2,1.0,0.0
80039.0,Ohio,Out of OH,0,0,0.0,0.0
39125.0,Ohio,Paulding,8,0,0.0,0.0
39127.0,Ohio,Perry,13,1,0.0,0.0
39129.0,Ohio,Pickaway,1842,23,1.0,0.0
39131.0,Ohio,Pike,4,0,0.0,0.0
39133.0,Ohio,Portage,272,46,7.0,0.0
39135.0,Ohio,Preble,27,1,0.0,0.0
39137.0,Ohio,Putnam,75,13,2.0,1.0
39139.0,Ohio,Richland,103,2,9.0,0.0
39141.0,Ohio,Ross,49,1,5.0,0.0
39143.0,Ohio,Sandusky,47,7,6.0,0.0
39145.0,Ohio,Scioto,13,0,-2.0,0.0
39147.0,Ohio,Seneca,14,1,0.0,0.0
39149.0,Ohio,Shelby,31,1,0.0,0.0
39151.0,Ohio,Stark,464,62,14.0,2.0
39153.0,Ohio,Summit,867,74,36.0,1.0
39155.0,Ohio,Trumbull,392,36,21.0,1.0
39157.0,Ohio,Tuscarawas,168,1,15.0,0.0
90039.0,Ohio,Unassigned,0,0,0.0,0.0
39159.0,Ohio,Union,28,0,0.0,0.0
39161.0,Ohio,Van Wert,3,0,0.0,0.0
39163.0,Ohio,Vinton,10,0,1.0,0.0
39165.0,Ohio,Warren,191,13,3.0,0.0
39167.0,Ohio,Washington,111,17,0.0,0.0
39169.0,Ohio,Wayne,183,42,6.0,1.0
39171.0,Ohio,Williams,44,1,1.0,0.0
39173.0,Ohio,Wood,220,29,8.0,0.0
39175.0,Ohio,Wyandot,26,2,1.0,0.0
40001.0,Oklahoma,Adair,72,3,3.0,0.0
40003.0,Oklahoma,Alfalfa,1,0,0.0,0.0
40005.0,Oklahoma,Atoka,1,0,0.0,0.0
40007.0,Oklahoma,Beaver,19,0,2.0,0.0
40009.0,Oklahoma,Beckham,6,0,0.0,0.0
40011.0,Oklahoma,Blaine,2,0,0.0,0.0
40013.0,Oklahoma,Bryan,12,1,0.0,0.0
40015.0,Oklahoma,Caddo,97,9,8.0,1.0
40017.0,Oklahoma,Canadian,107,3,0.0,0.0
40019.0,Oklahoma,Carter,6,1,0.0,0.0
40021.0,Oklahoma,Cherokee,30,1,1.0,0.0
40023.0,Oklahoma,Choctaw,3,0,0.0,0.0
40025.0,Oklahoma,Cimarron,1,0,0.0,0.0
40027.0,Oklahoma,Cleveland,453,32,5.0,0.0
40029.0,Oklahoma,Coal,0,0,0.0,0.0
40031.0,Oklahoma,Comanche,116,2,1.0,0.0
40033.0,Oklahoma,Cotton,5,2,0.0,1.0
40035.0,Oklahoma,Craig,13,0,0.0,0.0
40037.0,Oklahoma,Creek,82,7,0.0,0.0
40039.0,Oklahoma,Custer,11,0,0.0,0.0
40041.0,Oklahoma,Delaware,92,15,0.0,0.0
40043.0,Oklahoma,Dewey,2,0,0.0,0.0
40045.0,Oklahoma,Ellis,0,0,0.0,0.0
40047.0,Oklahoma,Garfield,22,1,1.0,0.0
40049.0,Oklahoma,Garvin,14,1,0.0,0.0
40051.0,Oklahoma,Grady,42,2,1.0,0.0
40053.0,Oklahoma,Grant,2,0,0.0,0.0
40055.0,Oklahoma,Greer,65,6,0.0,0.0
40057.0,Oklahoma,Harmon,0,0,0.0,0.0
40059.0,Oklahoma,Harper,1,0,0.0,0.0
40061.0,Oklahoma,Haskell,5,0,0.0,0.0
40063.0,Oklahoma,Hughes,0,0,0.0,0.0
40065.0,Oklahoma,Jackson,19,0,0.0,0.0
40067.0,Oklahoma,Jefferson,3,0,1.0,0.0
40069.0,Oklahoma,Johnston,3,0,0.0,0.0
40071.0,Oklahoma,Kay,48,7,0.0,0.0
40073.0,Oklahoma,Kingfisher,8,0,0.0,0.0
40075.0,Oklahoma,Kiowa,6,0,1.0,0.0
40077.0,Oklahoma,Latimer,5,1,0.0,0.0
40079.0,Oklahoma,Le Flore,13,1,0.0,1.0
40081.0,Oklahoma,Lincoln,17,2,1.0,0.0
40083.0,Oklahoma,Logan,18,1,0.0,0.0
40085.0,Oklahoma,Love,3,0,0.0,0.0
40093.0,Oklahoma,Major,5,1,1.0,0.0
40095.0,Oklahoma,Marshall,2,0,0.0,0.0
40097.0,Oklahoma,Mayes,24,4,0.0,0.0
40087.0,Oklahoma,McClain,85,2,1.0,0.0
40089.0,Oklahoma,McCurtain,8,0,0.0,0.0
40091.0,Oklahoma,McIntosh,5,0,1.0,0.0
40099.0,Oklahoma,Murray,2,0,0.0,0.0
40101.0,Oklahoma,Muskogee,28,6,0.0,0.0
40103.0,Oklahoma,Noble,7,0,0.0,0.0
40105.0,Oklahoma,Nowata,22,0,1.0,0.0
40107.0,Oklahoma,Okfuskee,1,0,0.0,0.0
40109.0,Oklahoma,Oklahoma,905,41,10.0,1.0
40111.0,Oklahoma,Okmulgee,16,0,-1.0,0.0
40113.0,Oklahoma,Osage,85,8,3.0,0.0
40115.0,Oklahoma,Ottawa,34,1,0.0,0.0
80040.0,Oklahoma,Out of OK,0,0,0.0,0.0
40117.0,Oklahoma,Pawnee,29,2,0.0,0.0
40119.0,Oklahoma,Payne,45,1,1.0,0.0
40121.0,Oklahoma,Pittsburg,39,2,0.0,0.0
40123.0,Oklahoma,Pontotoc,10,2,0.0,0.0
40125.0,Oklahoma,Pottawatomie,54,4,1.0,0.0
40127.0,Oklahoma,Pushmataha,1,0,0.0,0.0
40129.0,Oklahoma,Roger Mills,0,0,0.0,0.0
40131.0,Oklahoma,Rogers,70,5,1.0,1.0
40133.0,Oklahoma,Seminole,20,2,1.0,0.0
40135.0,Oklahoma,Sequoyah,13,3,0.0,0.0
40137.0,Oklahoma,Stephens,22,1,0.0,0.0
40139.0,Oklahoma,Texas,343,3,35.0,0.0
40141.0,Oklahoma,Tillman,19,0,3.0,0.0
40143.0,Oklahoma,Tulsa,684,36,8.0,0.0
90040.0,Oklahoma,Unassigned,0,0,0.0,0.0
40145.0,Oklahoma,Wagoner,126,17,1.0,0.0
40147.0,Oklahoma,Washington,291,27,2.0,1.0
40149.0,Oklahoma,Washita,0,0,0.0,0.0
40151.0,Oklahoma,Woods,3,0,0.0,0.0
40153.0,Oklahoma,Woodward,1,0,0.0,0.0
41001.0,Oregon,Baker,1,0,0.0,0.0
41003.0,Oregon,Benton,43,5,-1.0,0.0
41005.0,Oregon,Clackamas,250,8,9.0,0.0
41007.0,Oregon,Clatsop,27,0,9.0,0.0
41009.0,Oregon,Columbia,15,0,0.0,0.0
41011.0,Oregon,Coos,29,0,0.0,0.0
41013.0,Oregon,Crook,1,0,0.0,0.0
41015.0,Oregon,Curry,4,0,0.0,0.0
41017.0,Oregon,Deschutes,84,0,1.0,0.0
41019.0,Oregon,Douglas,24,0,0.0,0.0
41021.0,Oregon,Gilliam,0,0,0.0,0.0
41023.0,Oregon,Grant,1,0,0.0,0.0
41025.0,Oregon,Harney,1,0,0.0,0.0
41027.0,Oregon,Hood River,11,0,0.0,0.0
41029.0,Oregon,Jackson,49,0,0.0,0.0
41031.0,Oregon,Jefferson,22,0,0.0,0.0
41033.0,Oregon,Josephine,24,1,0.0,0.0
41035.0,Oregon,Klamath,39,0,0.0,0.0
41037.0,Oregon,Lake,0,0,0.0,0.0
41039.0,Oregon,Lane,59,2,2.0,0.0
41041.0,Oregon,Lincoln,6,0,0.0,0.0
41043.0,Oregon,Linn,100,7,1.0,0.0
41045.0,Oregon,Malheur,13,0,0.0,0.0
41047.0,Oregon,Marion,626,23,13.0,2.0
41049.0,Oregon,Morrow,12,0,1.0,0.0
41051.0,Oregon,Multnomah,839,52,30.0,0.0
80041.0,Oregon,Out of OR,0,0,0.0,0.0
41053.0,Oregon,Polk,80,5,2.0,1.0
41055.0,Oregon,Sherman,1,0,0.0,0.0
41057.0,Oregon,Tillamook,6,0,0.0,0.0
41059.0,Oregon,Umatilla,80,1,3.0,0.0
90041.0,Oregon,Unassigned,0,0,0.0,0.0
41061.0,Oregon,Union,4,0,0.0,0.0
41063.0,Oregon,Wallowa,1,0,0.0,0.0
41065.0,Oregon,Wasco,15,1,1.0,0.0
41067.0,Oregon,Washington,556,12,8.0,0.0
41069.0,Oregon,Wheeler,0,0,0.0,0.0
41071.0,Oregon,Yamhill,45,7,0.0,0.0
42001.0,Pennsylvania,Adams,154,5,3.0,0.0
42003.0,Pennsylvania,Allegheny,1455,119,16.0,2.0
42005.0,Pennsylvania,Armstrong,55,3,0.0,0.0
42007.0,Pennsylvania,Beaver,479,78,7.0,0.0
42009.0,Pennsylvania,Bedford,28,1,1.0,0.0
42011.0,Pennsylvania,Berks,3190,168,95.0,0.0
42013.0,Pennsylvania,Blair,28,0,0.0,0.0
42015.0,Pennsylvania,Bradford,37,2,1.0,0.0
42017.0,Pennsylvania,Bucks,3750,331,137.0,11.0
42019.0,Pennsylvania,Butler,192,6,2.0,0.0
42021.0,Pennsylvania,Cambria,40,1,3.0,0.0
42023.0,Pennsylvania,Cameron,2,0,0.0,0.0
42025.0,Pennsylvania,Carbon,192,16,3.0,0.0
42027.0,Pennsylvania,Centre,117,1,1.0,0.0
42029.0,Pennsylvania,Chester,1728,176,55.0,9.0
42031.0,Pennsylvania,Clarion,23,1,0.0,0.0
42033.0,Pennsylvania,Clearfield,24,0,2.0,0.0
42035.0,Pennsylvania,Clinton,37,0,2.0,0.0
42037.0,Pennsylvania,Columbia,307,20,1.0,-1.0
42039.0,Pennsylvania,Crawford,20,0,0.0,0.0
42041.0,Pennsylvania,Cumberland,414,31,11.0,0.0
42043.0,Pennsylvania,Dauphin,764,37,29.0,4.0
42045.0,Pennsylvania,Delaware,4680,382,183.0,6.0
42047.0,Pennsylvania,Elk,5,1,0.0,0.0
42049.0,Pennsylvania,Erie,113,2,12.0,0.0
42051.0,Pennsylvania,Fayette,84,4,0.0,0.0
42053.0,Pennsylvania,Forest,7,0,0.0,0.0
42055.0,Pennsylvania,Franklin,452,11,27.0,0.0
42057.0,Pennsylvania,Fulton,7,1,0.0,1.0
42059.0,Pennsylvania,Greene,27,1,0.0,0.0
42061.0,Pennsylvania,Huntingdon,117,0,8.0,0.0
42063.0,Pennsylvania,Indiana,75,5,0.0,0.0
42065.0,Pennsylvania,Jefferson,7,0,0.0,0.0
42067.0,Pennsylvania,Juniata,93,1,1.0,0.0
42069.0,Pennsylvania,Lackawanna,1114,113,21.0,1.0
42071.0,Pennsylvania,Lancaster,2122,222,52.0,6.0
42073.0,Pennsylvania,Lawrence,69,7,0.0,0.0
42075.0,Pennsylvania,Lebanon,797,16,12.0,0.0
42077.0,Pennsylvania,Lehigh,3140,114,38.0,3.0
42079.0,Pennsylvania,Luzerne,2347,120,15.0,6.0
42081.0,Pennsylvania,Lycoming,109,4,10.0,0.0
42083.0,Pennsylvania,McKean,6,1,0.0,0.0
42085.0,Pennsylvania,Mercer,70,2,0.0,1.0
42087.0,Pennsylvania,Mifflin,50,0,2.0,0.0
42089.0,Pennsylvania,Monroe,1198,63,4.0,0.0
42091.0,Pennsylvania,Montgomery,5037,515,122.0,9.0
42093.0,Pennsylvania,Montour,50,0,0.0,0.0
42095.0,Pennsylvania,Northampton,2390,153,35.0,1.0
42097.0,Pennsylvania,Northumberland,118,0,6.0,0.0
80042.0,Pennsylvania,Out of PA,0,0,0.0,0.0
42099.0,Pennsylvania,Perry,34,1,0.0,0.0
42101.0,Pennsylvania,Philadelphia,17517,875,470.0,59.0
42103.0,Pennsylvania,Pike,422,21,3.0,2.0
42105.0,Pennsylvania,Potter,4,0,0.0,0.0
42107.0,Pennsylvania,Schuylkill,430,13,8.0,3.0
42109.0,Pennsylvania,Snyder,33,1,0.0,0.0
42111.0,Pennsylvania,Somerset,32,1,0.0,0.0
42113.0,Pennsylvania,Sullivan,1,0,0.0,0.0
42115.0,Pennsylvania,Susquehanna,86,13,0.0,2.0
42117.0,Pennsylvania,Tioga,16,1,0.0,0.0
90042.0,Pennsylvania,Unassigned,0,0,0.0,0.0
42119.0,Pennsylvania,Union,40,1,0.0,0.0
42121.0,Pennsylvania,Venango,7,0,0.0,0.0
42123.0,Pennsylvania,Warren,1,0,0.0,0.0
42125.0,Pennsylvania,Washington,121,4,1.0,0.0
42127.0,Pennsylvania,Wayne,113,5,0.0,0.0
42129.0,Pennsylvania,Westmoreland,413,30,2.0,1.0
42131.0,Pennsylvania,Wyoming,28,2,1.0,0.0
42133.0,Pennsylvania,York,753,13,13.0,0.0
72001.0,Puerto Rico,Adjuntas,3,0,0.0,0.0
72003.0,Puerto Rico,Aguada,6,0,0.0,0.0
72005.0,Puerto Rico,Aguadilla,11,0,0.0,0.0
72007.0,Puerto Rico,Aguas Buenas,14,0,1.0,0.0
72009.0,Puerto Rico,Aibonito,5,0,0.0,0.0
72011.0,Puerto Rico,Anasco,4,0,0.0,0.0
72013.0,Puerto Rico,Arecibo,15,0,0.0,0.0
72015.0,Puerto Rico,Arroyo,1,0,0.0,0.0
72017.0,Puerto Rico,Barceloneta,0,0,0.0,0.0
72019.0,Puerto Rico,Barranquitas,4,0,1.0,0.0
72021.0,Puerto Rico,Bayamon,51,0,0.0,0.0
72023.0,Puerto Rico,Cabo Rojo,16,0,0.0,0.0
72025.0,Puerto Rico,Caguas,42,0,1.0,0.0
72027.0,Puerto Rico,Camuy,1,0,0.0,0.0
72029.0,Puerto Rico,Canovanas,11,0,0.0,0.0
72031.0,Puerto Rico,Carolina,62,0,0.0,0.0
72033.0,Puerto Rico,Catano,6,0,0.0,0.0
72035.0,Puerto Rico,Cayey,5,0,0.0,0.0
72037.0,Puerto Rico,Ceiba,6,0,0.0,0.0
72039.0,Puerto Rico,Ciales,0,0,0.0,0.0
72041.0,Puerto Rico,Cidra,11,0,0.0,0.0
72043.0,Puerto Rico,Coamo,3,0,0.0,0.0
72045.0,Puerto Rico,Comerio,2,0,0.0,0.0
72047.0,Puerto Rico,Corozal,4,0,0.0,0.0
72049.0,Puerto Rico,Culebra,0,0,0.0,0.0
72051.0,Puerto Rico,Dorado,13,0,0.0,0.0
72053.0,Puerto Rico,Fajardo,1,0,0.0,0.0
72054.0,Puerto Rico,Florida,1,0,0.0,0.0
72055.0,Puerto Rico,Guanica,15,0,0.0,0.0
72057.0,Puerto Rico,Guayama,3,0,0.0,0.0
72059.0,Puerto Rico,Guayanilla,3,0,0.0,0.0
72061.0,Puerto Rico,Guaynabo,62,0,2.0,0.0
72063.0,Puerto Rico,Gurabo,8,0,0.0,0.0
72065.0,Puerto Rico,Hatillo,5,0,0.0,0.0
72067.0,Puerto Rico,Hormigueros,9,0,0.0,0.0
72069.0,Puerto Rico,Humacao,6,0,0.0,0.0
72071.0,Puerto Rico,Isabela,8,0,0.0,0.0
72073.0,Puerto Rico,Jayuya,2,0,0.0,0.0
72075.0,Puerto Rico,Juana Diaz,10,0,0.0,0.0
72077.0,Puerto Rico,Juncos,5,0,0.0,0.0
72079.0,Puerto Rico,Lajas,4,0,0.0,0.0
72081.0,Puerto Rico,Lares,3,0,0.0,0.0
72083.0,Puerto Rico,Las Marias,4,0,0.0,0.0
72085.0,Puerto Rico,Las Piedras,5,0,0.0,0.0
72087.0,Puerto Rico,Loiza,1,0,0.0,0.0
72089.0,Puerto Rico,Luquillo,6,0,1.0,0.0
72091.0,Puerto Rico,Manati,3,0,0.0,0.0
72093.0,Puerto Rico,Maricao,0,0,0.0,0.0
72095.0,Puerto Rico,Maunabo,3,0,0.0,0.0
72097.0,Puerto Rico,Mayaguez,32,0,0.0,0.0
72099.0,Puerto Rico,Moca,13,0,0.0,0.0
72101.0,Puerto Rico,Morovis,1,0,0.0,0.0
72103.0,Puerto Rico,Naguabo,1,0,0.0,0.0
72105.0,Puerto Rico,Naranjito,0,0,0.0,0.0
72107.0,Puerto Rico,Orocovis,6,0,0.0,0.0
72888.0,Puerto Rico,Out of PR,2,0,0.0,0.0
72109.0,Puerto Rico,Patillas,3,0,0.0,0.0
72111.0,Puerto Rico,Penuelas,2,0,0.0,0.0
72113.0,Puerto Rico,Ponce,29,0,1.0,0.0
72115.0,Puerto Rico,Quebradillas,18,0,1.0,0.0
72117.0,Puerto Rico,Rincon,2,0,0.0,0.0
72119.0,Puerto Rico,Rio Grande,9,0,1.0,0.0
72121.0,Puerto Rico,Sabana Grande,9,0,0.0,0.0
72123.0,Puerto Rico,Salinas,5,0,1.0,0.0
72125.0,Puerto Rico,San German,17,0,0.0,0.0
72127.0,Puerto Rico,San Juan,166,0,3.0,0.0
72129.0,Puerto Rico,San Lorenzo,3,0,0.0,0.0
72131.0,Puerto Rico,San Sebastian,18,0,0.0,0.0
72133.0,Puerto Rico,Santa Isabel,3,0,0.0,0.0
72135.0,Puerto Rico,Toa Alta,26,0,0.0,0.0
72137.0,Puerto Rico,Toa Baja,22,0,0.0,0.0
72139.0,Puerto Rico,Trujillo Alto,23,0,0.0,0.0
72999.0,Puerto Rico,Unassigned,104,107,3.0,5.0
72141.0,Puerto Rico,Utuado,0,0,0.0,0.0
72143.0,Puerto Rico,Vega Alta,12,0,0.0,0.0
72145.0,Puerto Rico,Vega Baja,8,0,0.0,0.0
72147.0,Puerto Rico,Vieques,0,0,0.0,0.0
72149.0,Puerto Rico,Villalba,5,0,0.0,0.0
72151.0,Puerto Rico,Yabucoa,3,0,0.0,0.0
72153.0,Puerto Rico,Yauco,17,0,0.0,0.0
44001.0,Rhode Island,Bristol,154,0,0.0,0.0
44003.0,Rhode Island,Kent,703,35,0.0,0.0
44005.0,Rhode Island,Newport,161,4,0.0,0.0
80044.0,Rhode Island,Out of RI,0,0,0.0,0.0
44007.0,Rhode Island,Providence,7138,308,0.0,0.0
90044.0,Rhode Island,Unassigned,2260,26,249.0,11.0
44009.0,Rhode Island,Washington,363,26,0.0,0.0
45001.0,South Carolina,Abbeville,34,0,0.0,0.0
45003.0,South Carolina,Aiken,112,6,3.0,0.0
45005.0,South Carolina,Allendale,23,3,4.0,0.0
45007.0,South Carolina,Anderson,181,8,-1.0,0.0
45009.0,South Carolina,Bamberg,14,0,0.0,0.0
45011.0,South Carolina,Barnwell,32,0,3.0,0.0
45013.0,South Carolina,Beaufort,273,12,4.0,0.0
45015.0,South Carolina,Berkeley,191,14,2.0,0.0
45017.0,South Carolina,Calhoun,7,1,0.0,0.0
45019.0,South Carolina,Charleston,481,9,14.0,0.0
45021.0,South Carolina,Cherokee,21,0,0.0,0.0
45023.0,South Carolina,Chester,39,0,4.0,0.0
45025.0,South Carolina,Chesterfield,72,1,3.0,0.0
45027.0,South Carolina,Clarendon,258,25,5.0,1.0
45029.0,South Carolina,Colleton,32,4,0.0,0.0
45031.0,South Carolina,Darlington,171,3,14.0,0.0
45033.0,South Carolina,Dillon,84,0,6.0,0.0
45035.0,South Carolina,Dorchester,105,3,1.0,0.0
45037.0,South Carolina,Edgefield,36,2,0.0,0.0
45039.0,South Carolina,Fairfield,76,3,1.0,0.0
45041.0,South Carolina,Florence,399,20,29.0,1.0
45043.0,South Carolina,Georgetown,49,3,-1.0,0.0
45045.0,South Carolina,Greenville,869,44,34.0,2.0
45047.0,South Carolina,Greenwood,62,0,1.0,0.0
45049.0,South Carolina,Hampton,27,0,0.0,0.0
45051.0,South Carolina,Horry,251,18,9.0,0.0
45053.0,South Carolina,Jasper,21,1,0.0,0.0
45055.0,South Carolina,Kershaw,250,12,0.0,0.0
45057.0,South Carolina,Lancaster,103,4,2.0,0.0
45059.0,South Carolina,Laurens,46,2,2.0,0.0
45061.0,South Carolina,Lee,92,8,12.0,0.0
45063.0,South Carolina,Lexington,465,19,7.0,0.0
45067.0,South Carolina,Marion,44,2,1.0,0.0
45069.0,South Carolina,Marlboro,57,1,1.0,0.0
45065.0,South Carolina,McCormick,7,1,0.0,0.0
45071.0,South Carolina,Newberry,32,1,1.0,0.0
45073.0,South Carolina,Oconee,36,0,4.0,0.0
45075.0,South Carolina,Orangeburg,99,2,4.0,0.0
80045.0,South Carolina,Out of SC,0,0,0.0,0.0
45077.0,South Carolina,Pickens,63,1,1.0,0.0
45079.0,South Carolina,Richland,1057,52,14.0,0.0
45081.0,South Carolina,Saluda,84,0,2.0,0.0
45083.0,South Carolina,Spartanburg,333,12,8.0,0.0
45085.0,South Carolina,Sumter,281,12,4.0,0.0
90045.0,South Carolina,Unassigned,0,0,0.0,0.0
45087.0,South Carolina,Union,29,0,2.0,0.0
45089.0,South Carolina,Williamsburg,136,6,17.0,0.0
45091.0,South Carolina,York,233,5,8.0,0.0
46003.0,South Dakota,Aurora,1,0,0.0,0.0
46005.0,South Dakota,Beadle,21,2,0.0,0.0
46007.0,South Dakota,Bennett,0,0,0.0,0.0
46009.0,South Dakota,Bon Homme,4,0,0.0,0.0
46011.0,South Dakota,Brookings,14,0,0.0,0.0
46013.0,South Dakota,Brown,107,0,14.0,0.0
46015.0,South Dakota,Brule,0,0,0.0,0.0
46017.0,South Dakota,Buffalo,1,0,0.0,0.0
46019.0,South Dakota,Butte,0,0,0.0,0.0
46021.0,South Dakota,Campbell,0,0,0.0,0.0
46023.0,South Dakota,Charles Mix,5,0,0.0,0.0
46025.0,South Dakota,Clark,2,0,1.0,0.0
46027.0,South Dakota,Clay,9,0,2.0,0.0
46029.0,South Dakota,Codington,15,0,0.0,0.0
46031.0,South Dakota,Corson,1,0,0.0,0.0
46033.0,South Dakota,Custer,0,0,0.0,0.0
46035.0,South Dakota,Davison,7,0,0.0,0.0
46037.0,South Dakota,Day,10,0,0.0,0.0
46039.0,South Dakota,Deuel,1,0,0.0,0.0
46041.0,South Dakota,Dewey,1,0,0.0,0.0
46043.0,South Dakota,Douglas,1,0,0.0,0.0
46045.0,South Dakota,Edmunds,0,0,0.0,0.0
46047.0,South Dakota,Fall River,2,0,0.0,0.0
46049.0,South Dakota,Faulk,1,0,0.0,0.0
46051.0,South Dakota,Grant,2,0,0.0,0.0
46053.0,South Dakota,Gregory,0,0,0.0,0.0
46055.0,South Dakota,Haakon,0,0,0.0,0.0
46057.0,South Dakota,Hamlin,2,0,0.0,0.0
46059.0,South Dakota,Hand,1,0,0.0,0.0
46061.0,South Dakota,Hanson,0,0,0.0,0.0
46063.0,South Dakota,Harding,0,0,0.0,0.0
46065.0,South Dakota,Hughes,15,0,1.0,0.0
46067.0,South Dakota,Hutchinson,3,0,0.0,0.0
46069.0,South Dakota,Hyde,1,0,0.0,0.0
46071.0,South Dakota,Jackson,0,0,0.0,0.0
46073.0,South Dakota,Jerauld,6,1,0.0,0.0
46075.0,South Dakota,Jones,0,0,0.0,0.0
46077.0,South Dakota,Kingsbury,0,0,0.0,0.0
46079.0,South Dakota,Lake,5,0,1.0,0.0
46081.0,South Dakota,Lawrence,9,0,0.0,0.0
46083.0,South Dakota,Lincoln,180,0,9.0,0.0
46085.0,South Dakota,Lyman,3,0,0.0,0.0
46091.0,South Dakota,Marshall,1,0,0.0,0.0
46087.0,South Dakota,McCook,4,1,0.0,0.0
46089.0,South Dakota,McPherson,1,0,0.0,0.0
46093.0,South Dakota,Meade,3,0,1.0,0.0
46095.0,South Dakota,Mellette,0,0,0.0,0.0
46097.0,South Dakota,Miner,1,0,0.0,0.0
46099.0,South Dakota,Minnehaha,2535,26,203.0,0.0
46101.0,South Dakota,Moody,14,0,3.0,0.0
46102.0,South Dakota,Oglala Lakota,1,0,0.0,0.0
80046.0,South Dakota,Out of SD,0,0,0.0,0.0
46103.0,South Dakota,Pennington,18,1,1.0,0.0
46105.0,South Dakota,Perkins,0,0,0.0,0.0
46107.0,South Dakota,Potter,0,0,0.0,0.0
46109.0,South Dakota,Roberts,11,0,0.0,0.0
46111.0,South Dakota,Sanborn,3,0,0.0,0.0
46115.0,South Dakota,Spink,3,0,0.0,0.0
46117.0,South Dakota,Stanley,8,0,0.0,0.0
46119.0,South Dakota,Sully,1,0,0.0,0.0
46121.0,South Dakota,Todd,8,0,1.0,0.0
46123.0,South Dakota,Tripp,0,0,0.0,0.0
46125.0,South Dakota,Turner,18,0,0.0,0.0
90046.0,South Dakota,Unassigned,0,0,0.0,0.0
46127.0,South Dakota,Union,50,0,2.0,0.0
46129.0,South Dakota,Walworth,5,0,0.0,0.0
46135.0,South Dakota,Yankton,29,0,0.0,0.0
46137.0,South Dakota,Ziebach,1,0,0.0,0.0
47001.0,Tennessee,Anderson,31,1,0.0,0.0
47003.0,Tennessee,Bedford,222,3,5.0,0.0
47005.0,Tennessee,Benton,7,1,0.0,0.0
47007.0,Tennessee,Bledsoe,604,0,2.0,0.0
47009.0,Tennessee,Blount,69,3,0.0,0.0
47011.0,Tennessee,Bradley,68,1,4.0,0.0
47013.0,Tennessee,Campbell,16,1,0.0,0.0
47015.0,Tennessee,Cannon,13,0,0.0,0.0
47017.0,Tennessee,Carroll,19,1,0.0,0.0
47019.0,Tennessee,Carter,18,1,0.0,0.0
47021.0,Tennessee,Cheatham,59,0,1.0,0.0
47023.0,Tennessee,Chester,12,0,2.0,0.0
47025.0,Tennessee,Claiborne,7,0,0.0,0.0
47027.0,Tennessee,Clay,6,0,0.0,0.0
47029.0,Tennessee,Cocke,17,0,0.0,0.0
47031.0,Tennessee,Coffee,48,0,1.0,0.0
47033.0,Tennessee,Crockett,7,0,0.0,0.0
47035.0,Tennessee,Cumberland,84,1,0.0,0.0
47037.0,Tennessee,Davidson,3300,31,143.0,0.0
47041.0,Tennessee,DeKalb,26,0,1.0,0.0
47039.0,Tennessee,Decatur,4,0,0.0,0.0
47043.0,Tennessee,Dickson,85,0,0.0,0.0
47045.0,Tennessee,Dyer,41,0,2.0,0.0
47047.0,Tennessee,Fayette,75,1,2.0,0.0
47049.0,Tennessee,Fentress,5,0,0.0,0.0
47051.0,Tennessee,Franklin,38,1,1.0,0.0
47053.0,Tennessee,Gibson,52,1,0.0,0.0
47055.0,Tennessee,Giles,9,0,0.0,0.0
47057.0,Tennessee,Grainger,6,0,0.0,0.0
47059.0,Tennessee,Greene,43,2,0.0,0.0
47061.0,Tennessee,Grundy,30,1,0.0,0.0
47063.0,Tennessee,Hamblen,21,2,1.0,0.0
47065.0,Tennessee,Hamilton,229,13,18.0,0.0
47067.0,Tennessee,Hancock,0,0,0.0,0.0
47069.0,Tennessee,Hardeman,64,0,41.0,0.0
47071.0,Tennessee,Hardin,7,0,0.0,0.0
47073.0,Tennessee,Hawkins,31,2,0.0,0.0
47075.0,Tennessee,Haywood,26,1,0.0,0.0
47077.0,Tennessee,Henderson,10,0,0.0,0.0
47079.0,Tennessee,Henry,14,0,0.0,0.0
47081.0,Tennessee,Hickman,48,0,0.0,0.0
47083.0,Tennessee,Houston,6,0,0.0,0.0
47085.0,Tennessee,Humphreys,11,1,0.0,0.0
47087.0,Tennessee,Jackson,8,0,0.0,0.0
47089.0,Tennessee,Jefferson,26,0,0.0,0.0
47091.0,Tennessee,Johnson,5,0,0.0,0.0
47093.0,Tennessee,Knox,255,5,2.0,0.0
47095.0,Tennessee,Lake,59,0,0.0,0.0
47097.0,Tennessee,Lauderdale,25,0,0.0,0.0
47099.0,Tennessee,Lawrence,19,0,0.0,0.0
47101.0,Tennessee,Lewis,2,0,0.0,0.0
47103.0,Tennessee,Lincoln,16,0,0.0,0.0
47105.0,Tennessee,Loudon,39,0,1.0,0.0
47111.0,Tennessee,Macon,57,3,2.0,0.0
47113.0,Tennessee,Madison,148,1,3.0,0.0
47115.0,Tennessee,Marion,29,1,0.0,0.0
47117.0,Tennessee,Marshall,24,1,0.0,0.0
47119.0,Tennessee,Maury,52,0,0.0,0.0
47107.0,Tennessee,McMinn,113,4,5.0,1.0
47109.0,Tennessee,McNairy,11,0,0.0,0.0
47121.0,Tennessee,Meigs,18,0,1.0,0.0
47123.0,Tennessee,Monroe,29,1,3.0,0.0
47125.0,Tennessee,Montgomery,161,2,6.0,0.0
47127.0,Tennessee,Moore,3,0,0.0,0.0
47129.0,Tennessee,Morgan,6,0,0.0,0.0
47131.0,Tennessee,Obion,16,1,1.0,0.0
80047.0,Tennessee,Out of TN,371,5,17.0,0.0
47133.0,Tennessee,Overton,11,0,0.0,0.0
47135.0,Tennessee,Perry,13,0,0.0,0.0
47137.0,Tennessee,Pickett,0,0,0.0,0.0
47139.0,Tennessee,Polk,12,0,0.0,0.0
47141.0,Tennessee,Putnam,166,5,4.0,0.0
47143.0,Tennessee,Rhea,6,0,0.0,0.0
47145.0,Tennessee,Roane,8,0,0.0,0.0
47147.0,Tennessee,Robertson,207,0,12.0,0.0
47149.0,Tennessee,Rutherford,685,14,24.0,0.0
47151.0,Tennessee,Scott,11,0,0.0,0.0
47153.0,Tennessee,Sequatchie,6,0,-1.0,0.0
47155.0,Tennessee,Sevier,65,2,2.0,0.0
47157.0,Tennessee,Shelby,3108,67,42.0,3.0
47159.0,Tennessee,Smith,24,1,1.0,0.0
47161.0,Tennessee,Stewart,7,0,0.0,0.0
47163.0,Tennessee,Sullivan,54,1,2.0,0.0
47165.0,Tennessee,Sumner,683,38,11.0,0.0
47167.0,Tennessee,Tipton,158,2,0.0,0.0
47169.0,Tennessee,Trousdale,1355,2,-1.0,0.0
90047.0,Tennessee,Unassigned,30,1,-26.0,0.0
47171.0,Tennessee,Unicoi,2,0,0.0,0.0
47173.0,Tennessee,Union,3,0,0.0,0.0
47175.0,Tennessee,Van Buren,2,0,0.0,0.0
47177.0,Tennessee,Warren,10,0,0.0,0.0
47179.0,Tennessee,Washington,60,0,1.0,0.0
47181.0,Tennessee,Wayne,4,0,0.0,0.0
47183.0,Tennessee,Weakley,24,0,0.0,0.0
47185.0,Tennessee,White,16,0,0.0,0.0
47187.0,Tennessee,Williamson,441,10,7.0,0.0
47189.0,Tennessee,Wilson,290,6,2.0,0.0
48001.0,Texas,Anderson,41,0,1.0,0.0
48003.0,Texas,Andrews,21,0,0.0,0.0
48005.0,Texas,Angelina,100,0,7.0,0.0
48007.0,Texas,Aransas,2,0,0.0,0.0
48009.0,Texas,Archer,0,0,0.0,0.0
48011.0,Texas,Armstrong,2,0,0.0,0.0
48013.0,Texas,Atascosa,22,1,0.0,0.0
48015.0,Texas,Austin,14,0,0.0,0.0
48017.0,Texas,Bailey,2,0,0.0,0.0
48019.0,Texas,Bandera,6,0,0.0,0.0
48021.0,Texas,Bastrop,106,2,-1.0,0.0
48023.0,Texas,Baylor,0,0,0.0,0.0
48025.0,Texas,Bee,6,0,0.0,0.0
48027.0,Texas,Bell,218,3,5.0,0.0
48029.0,Texas,Bexar,1805,54,44.0,1.0
48031.0,Texas,Blanco,6,0,0.0,0.0
48033.0,Texas,Borden,0,0,0.0,0.0
48035.0,Texas,Bosque,5,0,0.0,0.0
48037.0,Texas,Bowie,76,2,0.0,0.0
48039.0,Texas,Brazoria,613,8,25.0,1.0
48041.0,Texas,Brazos,256,18,13.0,1.0
48043.0,Texas,Brewster,1,0,0.0,0.0
48045.0,Texas,Briscoe,1,0,0.0,0.0
48047.0,Texas,Brooks,1,0,0.0,0.0
48049.0,Texas,Brown,38,6,0.0,0.0
48051.0,Texas,Burleson,15,0,1.0,0.0
48053.0,Texas,Burnet,25,0,1.0,0.0
48055.0,Texas,Caldwell,25,0,0.0,0.0
48057.0,Texas,Calhoun,36,3,2.0,0.0
48059.0,Texas,Callahan,6,1,1.0,0.0
48061.0,Texas,Cameron,483,20,14.0,1.0
48063.0,Texas,Camp,7,0,0.0,0.0
48065.0,Texas,Carson,3,0,0.0,0.0
48067.0,Texas,Cass,17,0,0.0,0.0
48069.0,Texas,Castro,22,1,0.0,0.0
48071.0,Texas,Chambers,47,0,0.0,0.0
48073.0,Texas,Cherokee,20,1,0.0,0.0
48075.0,Texas,Childress,1,0,0.0,0.0
48077.0,Texas,Clay,3,0,0.0,0.0
48079.0,Texas,Cochran,1,0,0.0,0.0
48081.0,Texas,Coke,1,0,0.0,0.0
48083.0,Texas,Coleman,2,0,0.0,0.0
48085.0,Texas,Collin,857,24,18.0,2.0
48087.0,Texas,Collingsworth,1,0,0.0,0.0
48089.0,Texas,Colorado,13,0,1.0,0.0
48091.0,Texas,Comal,65,6,4.0,0.0
48093.0,Texas,Comanche,3,1,0.0,0.0
48095.0,Texas,Concho,1,0,0.0,0.0
48097.0,Texas,Cooke,11,0,0.0,0.0
48099.0,Texas,Coryell,205,2,4.0,0.0
48101.0,Texas,Cottle,3,0,0.0,0.0
48103.0,Texas,Crane,2,0,0.0,0.0
48105.0,Texas,Crockett,0,0,0.0,0.0
48107.0,Texas,Crosby,2,1,0.0,0.0
48109.0,Texas,Culberson,0,0,0.0,0.0
48111.0,Texas,Dallam,11,1,0.0,0.0
48113.0,Texas,Dallas,5369,135,249.0,10.0
48115.0,Texas,Dawson,30,1,0.0,0.0
48123.0,Texas,DeWitt,15,1,0.0,0.0
48117.0,Texas,Deaf Smith,46,0,5.0,0.0
48119.0,Texas,Delta,1,0,0.0,0.0
48121.0,Texas,Denton,902,23,30.0,1.0
48125.0,Texas,Dickens,1,0,0.0,0.0
48127.0,Texas,Dimmit,1,0,0.0,0.0
48129.0,Texas,Donley,25,0,0.0,0.0
48131.0,Texas,Duval,3,0,0.0,0.0
48133.0,Texas,Eastland,3,0,0.0,0.0
48135.0,Texas,Ector,94,4,4.0,0.0
48137.0,Texas,Edwards,0,0,0.0,0.0
48141.0,Texas,El Paso,1190,30,71.0,7.0
48139.0,Texas,Ellis,193,11,5.0,1.0
48143.0,Texas,Erath,14,1,-1.0,0.0
48145.0,Texas,Falls,6,0,0.0,0.0
48147.0,Texas,Fannin,23,1,0.0,0.0
48149.0,Texas,Fayette,21,1,2.0,0.0
48151.0,Texas,Fisher,0,0,0.0,0.0
48153.0,Texas,Floyd,4,0,0.0,0.0
48155.0,Texas,Foard,0,0,0.0,0.0
48157.0,Texas,Fort Bend,1332,33,45.0,1.0
48159.0,Texas,Franklin,3,0,0.0,0.0
48161.0,Texas,Freestone,7,0,0.0,0.0
48163.0,Texas,Frio,25,0,0.0,0.0
48165.0,Texas,Gaines,3,0,0.0,0.0
48167.0,Texas,Galveston,672,28,3.0,0.0
48169.0,Texas,Garza,3,0,0.0,0.0
48171.0,Texas,Gillespie,4,0,0.0,0.0
48173.0,Texas,Glasscock,1,0,0.0,0.0
48175.0,Texas,Goliad,7,0,0.0,0.0
48177.0,Texas,Gonzales,31,2,0.0,0.0
48179.0,Texas,Gray,73,0,0.0,0.0
48181.0,Texas,Grayson,78,0,18.0,0.0
48183.0,Texas,Gregg,117,0,8.0,0.0
48185.0,Texas,Grimes,37,1,12.0,0.0
48187.0,Texas,Guadalupe,92,0,2.0,0.0
48189.0,Texas,Hale,37,4,0.0,0.0
48191.0,Texas,Hall,0,0,0.0,0.0
48193.0,Texas,Hamilton,6,0,1.0,0.0
48195.0,Texas,Hansford,12,2,1.0,0.0
48197.0,Texas,Hardeman,0,0,0.0,0.0
48199.0,Texas,Hardin,113,3,0.0,0.0
48201.0,Texas,Harris,7594,231,217.0,4.0
48203.0,Texas,Harrison,180,6,13.0,0.0
48205.0,Texas,Hartley,7,2,0.0,0.0
48207.0,Texas,Haskell,0,0,0.0,0.0
48209.0,Texas,Hays,195,1,19.0,0.0
48211.0,Texas,Hemphill,1,0,0.0,0.0
48213.0,Texas,Henderson,36,0,2.0,0.0
48215.0,Texas,Hidalgo,368,7,9.0,0.0
48217.0,Texas,Hill,19,1,1.0,0.0
48219.0,Texas,Hockley,20,1,1.0,0.0
48221.0,Texas,Hood,22,3,2.0,0.0
48223.0,Texas,Hopkins,7,0,0.0,0.0
48225.0,Texas,Houston,10,0,0.0,0.0
48227.0,Texas,Howard,6,1,0.0,0.0
48229.0,Texas,Hudspeth,0,0,0.0,0.0
48231.0,Texas,Hunt,56,3,2.0,0.0
48233.0,Texas,Hutchinson,19,0,0.0,0.0
48235.0,Texas,Irion,0,0,0.0,0.0
48237.0,Texas,Jack,4,0,0.0,0.0
48239.0,Texas,Jackson,14,0,0.0,0.0
48241.0,Texas,Jasper,19,1,1.0,0.0
48243.0,Texas,Jeff Davis,0,0,0.0,0.0
48245.0,Texas,Jefferson,353,25,17.0,2.0
48247.0,Texas,Jim Hogg,3,0,0.0,0.0
48249.0,Texas,Jim Wells,5,0,0.0,0.0
48251.0,Texas,Johnson,99,4,2.0,0.0
48253.0,Texas,Jones,87,0,3.0,0.0
48255.0,Texas,Karnes,3,0,0.0,0.0
48257.0,Texas,Kaufman,111,1,5.0,0.0
48259.0,Texas,Kendall,18,0,0.0,0.0
48261.0,Texas,Kenedy,0,0,0.0,0.0
48263.0,Texas,Kent,0,0,0.0,0.0
48265.0,Texas,Kerr,7,0,1.0,0.0
48267.0,Texas,Kimble,1,0,1.0,0.0
48269.0,Texas,King,0,0,0.0,0.0
48271.0,Texas,Kinney,0,0,0.0,0.0
48273.0,Texas,Kleberg,10,1,0.0,0.0
48275.0,Texas,Knox,1,0,0.0,0.0
48283.0,Texas,La Salle,1,0,0.0,0.0
48277.0,Texas,Lamar,77,1,1.0,0.0
48279.0,Texas,Lamb,5,0,0.0,0.0
48281.0,Texas,Lampasas,6,0,0.0,0.0
48285.0,Texas,Lavaca,6,1,0.0,0.0
48287.0,Texas,Lee,4,0,2.0,0.0
48289.0,Texas,Leon,9,0,2.0,0.0
48291.0,Texas,Liberty,49,1,1.0,0.0
48293.0,Texas,Limestone,13,1,0.0,0.0
48295.0,Texas,Lipscomb,2,0,0.0,0.0
48297.0,Texas,Live Oak,5,0,0.0,0.0
48299.0,Texas,Llano,3,0,0.0,0.0
48301.0,Texas,Loving,0,0,0.0,0.0
48303.0,Texas,Lubbock,582,48,7.0,1.0
48305.0,Texas,Lynn,5,1,0.0,0.0
48313.0,Texas,Madison,3,0,1.0,0.0
48315.0,Texas,Marion,16,0,1.0,0.0
48317.0,Texas,Martin,3,1,0.0,0.0
48319.0,Texas,Mason,28,0,0.0,0.0
48321.0,Texas,Matagorda,64,3,0.0,0.0
48323.0,Texas,Maverick,26,0,0.0,0.0
48307.0,Texas,McCulloch,3,0,0.0,0.0
48309.0,Texas,McLennan,94,4,2.0,0.0
48311.0,Texas,McMullen,0,0,0.0,0.0
48325.0,Texas,Medina,22,2,1.0,0.0
48327.0,Texas,Menard,0,0,0.0,0.0
48329.0,Texas,Midland,100,10,6.0,1.0
48331.0,Texas,Milam,18,1,0.0,0.0
48333.0,Texas,Mills,0,0,0.0,0.0
48335.0,Texas,Mitchell,1,0,0.0,0.0
48337.0,Texas,Montague,9,1,0.0,0.0
48339.0,Texas,Montgomery,699,16,10.0,1.0
48341.0,Texas,Moore,487,7,33.0,1.0
48343.0,Texas,Morris,9,0,0.0,0.0
48345.0,Texas,Motley,1,0,0.0,0.0
48347.0,Texas,Nacogdoches,202,7,0.0,0.0
48349.0,Texas,Navarro,36,2,2.0,0.0
48351.0,Texas,Newton,4,0,0.0,0.0
48353.0,Texas,Nolan,2,0,0.0,0.0
48355.0,Texas,Nueces,123,3,6.0,0.0
48357.0,Texas,Ochiltree,29,1,1.0,0.0
48359.0,Texas,Oldham,3,1,0.0,0.0
48361.0,Texas,Orange,81,2,0.0,0.0
80048.0,Texas,Out of TX,0,0,0.0,0.0
48363.0,Texas,Palo Pinto,9,2,0.0,0.0
48365.0,Texas,Panola,168,3,29.0,0.0
48367.0,Texas,Parker,44,0,1.0,0.0
48369.0,Texas,Parmer,17,0,0.0,0.0
48371.0,Texas,Pecos,14,0,0.0,0.0
48373.0,Texas,Polk,35,0,5.0,0.0
48375.0,Texas,Potter,1027,15,56.0,0.0
48377.0,Texas,Presidio,0,0,0.0,0.0
48379.0,Texas,Rains,2,0,0.0,0.0
48381.0,Texas,Randall,343,3,10.0,0.0
48383.0,Texas,Reagan,0,0,0.0,0.0
48385.0,Texas,Real,0,0,0.0,0.0
48387.0,Texas,Red River,3,0,1.0,0.0
48389.0,Texas,Reeves,7,0,2.0,0.0
48391.0,Texas,Refugio,1,0,0.0,0.0
48393.0,Texas,Roberts,2,0,0.0,0.0
48395.0,Texas,Robertson,5,0,0.0,0.0
48397.0,Texas,Rockwall,100,4,4.0,1.0
48399.0,Texas,Runnels,2,0,0.0,0.0
48401.0,Texas,Rusk,40,1,0.0,0.0
48403.0,Texas,Sabine,2,0,0.0,0.0
48405.0,Texas,San Augustine,21,1,0.0,0.0
48407.0,Texas,San Jacinto,10,0,0.0,0.0
48409.0,Texas,San Patricio,16,0,0.0,0.0
48411.0,Texas,San Saba,0,0,0.0,0.0
48413.0,Texas,Schleicher,0,0,0.0,0.0
48415.0,Texas,Scurry,2,0,0.0,0.0
48417.0,Texas,Shackelford,1,0,0.0,0.0
48419.0,Texas,Shelby,149,4,5.0,0.0
48421.0,Texas,Sherman,20,0,1.0,0.0
48423.0,Texas,Smith,170,3,5.0,0.0
48425.0,Texas,Somervell,0,0,0.0,0.0
48427.0,Texas,Starr,14,0,4.0,0.0
48429.0,Texas,Stephens,1,0,0.0,0.0
48431.0,Texas,Sterling,0,0,0.0,0.0
48433.0,Texas,Stonewall,0,0,0.0,0.0
48435.0,Texas,Sutton,0,0,0.0,0.0
48437.0,Texas,Swisher,11,0,0.0,0.0
48439.0,Texas,Tarrant,2956,90,0.0,0.0
48441.0,Texas,Taylor,207,6,1.0,0.0
48443.0,Texas,Terrell,0,0,0.0,0.0
48445.0,Texas,Terry,12,0,0.0,0.0
48447.0,Texas,Throckmorton,0,0,0.0,0.0
48449.0,Texas,Titus,29,0,2.0,0.0
48451.0,Texas,Tom Green,84,1,0.0,0.0
48453.0,Texas,Travis,2071,60,69.0,1.0
48455.0,Texas,Trinity,11,0,1.0,0.0
48457.0,Texas,Tyler,7,0,0.0,0.0
90048.0,Texas,Unassigned,0,0,0.0,0.0
48459.0,Texas,Upshur,17,0,1.0,0.0
48461.0,Texas,Upton,0,0,0.0,0.0
48463.0,Texas,Uvalde,7,0,1.0,0.0
48465.0,Texas,Val Verde,13,0,0.0,0.0
48467.0,Texas,Van Zandt,18,1,0.0,0.0
48469.0,Texas,Victoria,146,5,0.0,0.0
48471.0,Texas,Walker,332,2,17.0,0.0
48473.0,Texas,Waller,37,0,0.0,0.0
48475.0,Texas,Ward,0,0,0.0,0.0
48477.0,Texas,Washington,156,18,3.0,0.0
48479.0,Texas,Webb,414,17,4.0,0.0
48481.0,Texas,Wharton,41,0,1.0,0.0
48483.0,Texas,Wheeler,13,0,1.0,0.0
48485.0,Texas,Wichita,71,2,1.0,0.0
48487.0,Texas,Wilbarger,2,0,0.0,0.0
48489.0,Texas,Willacy,14,1,0.0,0.0
48491.0,Texas,Williamson,361,12,9.0,0.0
48493.0,Texas,Wilson,34,4,0.0,0.0
48495.0,Texas,Winkler,3,0,0.0,0.0
48497.0,Texas,Wise,28,2,0.0,0.0
48499.0,Texas,Wood,13,0,2.0,0.0
48501.0,Texas,Yoakum,2,0,0.0,0.0
48503.0,Texas,Young,4,1,0.0,0.0
48505.0,Texas,Zapata,7,0,0.0,0.0
48507.0,Texas,Zavala,1,0,0.0,0.0
,Utah,Bear River,66,1,2.0,0.0
49001.0,Utah,Beaver,0,0,0.0,0.0
49003.0,Utah,Box Elder,0,0,0.0,0.0
49005.0,Utah,Cache,0,0,0.0,0.0
49007.0,Utah,Carbon,0,0,0.0,0.0
,Utah,Central Utah,27,0,0.0,0.0
49009.0,Utah,Daggett,0,0,0.0,0.0
49011.0,Utah,Davis,321,2,6.0,0.0
49013.0,Utah,Duchesne,0,0,0.0,0.0
49015.0,Utah,Emery,0,0,0.0,0.0
49017.0,Utah,Garfield,0,0,0.0,0.0
49019.0,Utah,Grand,0,0,0.0,0.0
49021.0,Utah,Iron,0,0,0.0,0.0
49023.0,Utah,Juab,0,0,0.0,0.0
49025.0,Utah,Kane,0,0,0.0,0.0
49027.0,Utah,Millard,0,0,0.0,0.0
49029.0,Utah,Morgan,0,0,0.0,0.0
80049.0,Utah,Out of UT,0,0,0.0,0.0
49031.0,Utah,Piute,0,0,0.0,0.0
49033.0,Utah,Rich,0,0,0.0,0.0
49035.0,Utah,Salt Lake,3104,39,94.0,0.0
49037.0,Utah,San Juan,135,2,3.0,0.0
49039.0,Utah,Sanpete,0,0,0.0,0.0
49041.0,Utah,Sevier,0,0,0.0,0.0
,Utah,Southeast Utah,13,0,1.0,0.0
,Utah,Southwest Utah,138,3,6.0,0.0
49043.0,Utah,Summit,384,0,2.0,0.0
49045.0,Utah,Tooele,72,0,1.0,0.0
,Utah,TriCounty,14,0,0.0,0.0
49047.0,Utah,Uintah,0,0,0.0,0.0
90049.0,Utah,Unassigned,0,0,0.0,0.0
49049.0,Utah,Utah,1288,11,69.0,0.0
49051.0,Utah,Wasatch,173,1,0.0,0.0
49053.0,Utah,Washington,0,0,0.0,0.0
49055.0,Utah,Wayne,0,0,0.0,0.0
49057.0,Utah,Weber,0,0,0.0,0.0
,Utah,Weber-Morgan,184,2,11.0,0.0
50001.0,Vermont,Addison,62,2,1.0,0.0
50003.0,Vermont,Bennington,54,1,1.0,0.0
50005.0,Vermont,Caledonia,14,0,0.0,0.0
50007.0,Vermont,Chittenden,431,37,0.0,0.0
50009.0,Vermont,Essex,2,0,0.0,0.0
50011.0,Vermont,Franklin,99,5,0.0,0.0
50013.0,Vermont,Grand Isle,4,0,0.0,0.0
50015.0,Vermont,Lamoille,26,1,0.0,0.0
50017.0,Vermont,Orange,8,0,0.0,0.0
50019.0,Vermont,Orleans,9,0,0.0,0.0
80050.0,Vermont,Out of VT,0,0,0.0,0.0
50021.0,Vermont,Rutland,50,1,1.0,0.0
90050.0,Vermont,Unassigned,4,0,0.0,0.0
50023.0,Vermont,Washington,37,1,0.0,0.0
50025.0,Vermont,Windham,73,3,0.0,0.0
50027.0,Vermont,Windsor,46,2,0.0,0.0
78.0,Virgin Islands,Virgin Islands,68,4,2.0,0.0
51001.0,Virginia,Accomack,463,7,0.0,0.0
51003.0,Virginia,Albemarle,116,4,4.0,0.0
51510.0,Virginia,Alexandria,1110,29,50.0,0.0
51005.0,Virginia,Alleghany,6,0,0.0,0.0
51007.0,Virginia,Amelia,17,1,0.0,0.0
51009.0,Virginia,Amherst,15,0,0.0,0.0
51011.0,Virginia,Appomattox,21,0,0.0,0.0
51013.0,Virginia,Arlington,1281,57,33.0,5.0
51015.0,Virginia,Augusta,55,1,0.0,0.0
51017.0,Virginia,Bath,0,0,0.0,0.0
51019.0,Virginia,Bedford,37,1,0.0,0.0
51021.0,Virginia,Bland,0,0,0.0,0.0
51023.0,Virginia,Botetourt,30,3,1.0,0.0
51520.0,Virginia,Bristol,2,0,0.0,0.0
51025.0,Virginia,Brunswick,17,0,1.0,0.0
51027.0,Virginia,Buchanan,16,0,0.0,0.0
51029.0,Virginia,Buckingham,225,1,0.0,1.0
51530.0,Virginia,Buena Vista,8,0,0.0,0.0
51031.0,Virginia,Campbell,13,0,0.0,0.0
51033.0,Virginia,Caroline,37,1,1.0,0.0
51035.0,Virginia,Carroll,26,0,1.0,0.0
51036.0,Virginia,Charles City,19,1,2.0,0.0
51037.0,Virginia,Charlotte,11,0,0.0,0.0
51540.0,Virginia,Charlottesville,66,2,1.0,0.0
51550.0,Virginia,Chesapeake,316,9,5.0,0.0
51041.0,Virginia,Chesterfield,741,26,34.0,0.0
51043.0,Virginia,Clarke,16,0,0.0,0.0
51570.0,Virginia,Colonial Heights,65,6,1.0,0.0
51580.0,Virginia,Covington,0,0,0.0,0.0
51045.0,Virginia,Craig,4,0,0.0,0.0
51047.0,Virginia,Culpeper,239,4,22.0,0.0
51049.0,Virginia,Cumberland,13,0,1.0,0.0
51590.0,Virginia,Danville,39,1,1.0,0.0
51051.0,Virginia,Dickenson,0,0,0.0,0.0
51053.0,Virginia,Dinwiddie,25,0,0.0,0.0
51595.0,Virginia,Emporia,47,3,0.0,0.0
51057.0,Virginia,Essex,18,0,0.0,0.0
51059.0,Virginia,Fairfax,5338,227,293.0,16.0
51600.0,Virginia,Fairfax City,39,3,4.0,0.0
51610.0,Virginia,Falls Church,37,4,1.0,0.0
51061.0,Virginia,Fauquier,153,4,4.0,0.0
51063.0,Virginia,Floyd,3,0,0.0,0.0
51065.0,Virginia,Fluvanna,78,6,0.0,0.0
51067.0,Virginia,Franklin,25,0,1.0,0.0
51620.0,Virginia,Franklin City,23,1,0.0,0.0
51069.0,Virginia,Frederick,150,2,3.0,1.0
51630.0,Virginia,Fredericksburg,55,0,3.0,0.0
51640.0,Virginia,Galax,33,0,1.0,0.0
51071.0,Virginia,Giles,4,0,0.0,0.0
51073.0,Virginia,Gloucester,27,1,0.0,0.0
51075.0,Virginia,Goochland,81,5,0.0,0.0
51077.0,Virginia,Grayson,5,0,0.0,0.0
51079.0,Virginia,Greene,14,1,1.0,0.0
51081.0,Virginia,Greensville,44,7,0.0,0.0
51083.0,Virginia,Halifax,20,0,1.0,0.0
51650.0,Virginia,Hampton,135,3,4.0,0.0
51085.0,Virginia,Hanover,155,15,1.0,0.0
51660.0,Virginia,Harrisonburg,574,21,22.0,1.0
51087.0,Virginia,Henrico,1032,110,7.0,1.0
51089.0,Virginia,Henry,21,1,1.0,0.0
51091.0,Virginia,Highland,2,0,0.0,0.0
51670.0,Virginia,Hopewell,33,0,0.0,0.0
51093.0,Virginia,Isle of Wight,105,3,2.0,0.0
51095.0,Virginia,James City,170,15,3.0,0.0
51099.0,Virginia,King George,38,4,0.0,0.0
51101.0,Virginia,King William,11,1,0.0,0.0
51097.0,Virginia,King and Queen,4,0,0.0,0.0
51103.0,Virginia,Lancaster,6,0,0.0,0.0
51105.0,Virginia,Lee,10,0,0.0,0.0
51678.0,Virginia,Lexington,5,0,0.0,0.0
51107.0,Virginia,Loudoun,1070,29,27.0,3.0
51109.0,Virginia,Louisa,53,0,2.0,0.0
51111.0,Virginia,Lunenburg,5,0,1.0,0.0
51680.0,Virginia,Lynchburg,68,1,0.0,0.0
51113.0,Virginia,Madison,20,1,2.0,0.0
51683.0,Virginia,Manassas,355,2,23.0,1.0
51685.0,Virginia,Manassas Park,114,2,8.0,0.0
51690.0,Virginia,Martinsville,2,0,0.0,0.0
51115.0,Virginia,Mathews,4,0,0.0,0.0
51117.0,Virginia,Mecklenburg,111,10,2.0,0.0
51119.0,Virginia,Middlesex,10,0,3.0,0.0
51121.0,Virginia,Montgomery,61,1,0.0,0.0
51125.0,Virginia,Nelson,10,0,1.0,0.0
51127.0,Virginia,New Kent,26,1,0.0,0.0
51700.0,Virginia,Newport News,144,10,7.0,0.0
51710.0,Virginia,Norfolk,274,5,4.0,0.0
51131.0,Virginia,Northampton,149,5,0.0,2.0
51133.0,Virginia,Northumberland,9,1,0.0,0.0
51720.0,Virginia,Norton,2,0,0.0,0.0
51135.0,Virginia,Nottoway,14,0,0.0,0.0
51137.0,Virginia,Orange,43,0,0.0,0.0
80051.0,Virginia,Out of VA,0,0,0.0,0.0
51139.0,Virginia,Page,123,11,1.0,0.0
51141.0,Virginia,Patrick,4,0,0.0,0.0
51730.0,Virginia,Petersburg,41,2,0.0,0.0
51143.0,Virginia,Pittsylvania,17,1,0.0,0.0
51735.0,Virginia,Poquoson,7,0,0.0,0.0
51740.0,Virginia,Portsmouth,194,8,1.0,0.0
51145.0,Virginia,Powhatan,18,0,1.0,0.0
51147.0,Virginia,Prince Edward,65,2,2.0,0.0
51149.0,Virginia,Prince George,42,0,0.0,0.0
51153.0,Virginia,Prince William,2474,46,76.0,7.0
51155.0,Virginia,Pulaski,9,0,0.0,0.0
51750.0,Virginia,Radford,3,0,0.0,0.0
51157.0,Virginia,Rappahannock,6,0,-1.0,0.0
51159.0,Virginia,Richmond,187,3,0.0,1.0
51760.0,Virginia,Richmond City,494,18,21.0,1.0
51161.0,Virginia,Roanoke,62,0,2.0,0.0
51770.0,Virginia,Roanoke City,91,1,3.0,0.0
51163.0,Virginia,Rockbridge,8,0,0.0,0.0
51165.0,Virginia,Rockingham,320,1,10.0,0.0
51167.0,Virginia,Russell,6,0,0.0,0.0
51775.0,Virginia,Salem,30,0,0.0,0.0
51169.0,Virginia,Scott,7,2,0.0,1.0
51171.0,Virginia,Shenandoah,236,4,23.0,1.0
51173.0,Virginia,Smyth,13,0,0.0,0.0
51175.0,Virginia,Southampton,129,1,1.0,0.0
51177.0,Virginia,Spotsylvania,233,4,3.0,0.0
51179.0,Virginia,Stafford,344,2,10.0,0.0
51790.0,Virginia,Staunton,15,0,1.0,0.0
51800.0,Virginia,Suffolk,209,19,1.0,0.0
51181.0,Virginia,Surry,4,1,0.0,0.0
51183.0,Virginia,Sussex,32,1,0.0,0.0
51185.0,Virginia,Tazewell,6,0,0.0,0.0
90051.0,Virginia,Unassigned,0,0,0.0,0.0
51810.0,Virginia,Virginia Beach,469,17,15.0,0.0
51187.0,Virginia,Warren,78,0,3.0,0.0
51191.0,Virginia,Washington,42,3,1.0,0.0
51820.0,Virginia,Waynesboro,20,0,0.0,0.0
51193.0,Virginia,Westmoreland,35,0,2.0,0.0
51830.0,Virginia,Williamsburg,31,2,2.0,0.0
51840.0,Virginia,Winchester,61,0,0.0,0.0
51195.0,Virginia,Wise,22,1,0.0,0.0
51197.0,Virginia,Wythe,12,1,0.0,0.0
51199.0,Virginia,York,55,2,4.0,1.0
53001.0,Washington,Adams,49,0,0.0,0.0
53003.0,Washington,Asotin,18,2,0.0,0.0
53005.0,Washington,Benton,559,48,9.0,1.0
53007.0,Washington,Chelan,140,5,1.0,0.0
53009.0,Washington,Clallam,19,0,0.0,0.0
53011.0,Washington,Clark,347,20,5.0,0.0
53013.0,Washington,Columbia,1,0,0.0,0.0
53015.0,Washington,Cowlitz,64,0,2.0,0.0
53017.0,Washington,Douglas,102,2,4.0,0.0
53019.0,Washington,Ferry,1,0,0.0,0.0
53021.0,Washington,Franklin,404,16,3.0,2.0
53023.0,Washington,Garfield,0,0,0.0,0.0
53025.0,Washington,Grant,180,3,1.0,0.0
53027.0,Washington,Grays Harbor,13,0,0.0,0.0
53029.0,Washington,Island,172,9,-1.0,0.0
53031.0,Washington,Jefferson,28,0,0.0,0.0
53033.0,Washington,King,6863,487,54.0,7.0
53035.0,Washington,Kitsap,154,2,0.0,0.0
53037.0,Washington,Kittitas,15,0,0.0,0.0
53039.0,Washington,Klickitat,19,3,0.0,0.0
53041.0,Washington,Lewis,30,3,0.0,0.0
53043.0,Washington,Lincoln,2,0,0.0,0.0
53045.0,Washington,Mason,28,1,0.0,0.0
53047.0,Washington,Okanogan,21,1,0.0,0.0
80053.0,Washington,Out of WA,0,0,0.0,0.0
53049.0,Washington,Pacific,8,0,4.0,0.0
53051.0,Washington,Pend Oreille,2,0,0.0,0.0
53053.0,Washington,Pierce,1510,55,14.0,1.0
53055.0,Washington,San Juan,14,0,0.0,0.0
53057.0,Washington,Skagit,391,13,2.0,0.0
53059.0,Washington,Skamania,3,0,0.0,0.0
53061.0,Washington,Snohomish,2634,115,7.0,1.0
53063.0,Washington,Spokane,381,27,1.0,1.0
53065.0,Washington,Stevens,9,1,0.0,0.0
53067.0,Washington,Thurston,115,1,0.0,0.0
90053.0,Washington,Unassigned,69,0,16.0,0.0
53069.0,Washington,Wahkiakum,3,0,1.0,0.0
53071.0,Washington,Walla Walla,97,0,0.0,0.0
53073.0,Washington,Whatcom,329,33,1.0,0.0
53075.0,Washington,Whitman,15,0,1.0,0.0
53077.0,Washington,Yakima,1579,58,32.0,1.0
54001.0,West Virginia,Barbour,7,1,1.0,0.0
54003.0,West Virginia,Berkeley,184,4,11.0,1.0
54005.0,West Virginia,Boone,8,0,2.0,0.0
54007.0,West Virginia,Braxton,2,0,0.0,0.0
54009.0,West Virginia,Brooke,3,0,0.0,0.0
54011.0,West Virginia,Cabell,48,0,0.0,0.0
54013.0,West Virginia,Calhoun,0,0,0.0,0.0
54015.0,West Virginia,Clay,2,0,2.0,0.0
54017.0,West Virginia,Doddridge,0,0,0.0,0.0
54019.0,West Virginia,Fayette,30,0,2.0,0.0
54021.0,West Virginia,Gilmer,4,0,1.0,0.0
54023.0,West Virginia,Grant,3,0,0.0,0.0
54025.0,West Virginia,Greenbrier,8,0,0.0,0.0
54027.0,West Virginia,Hampshire,8,1,0.0,0.0
54029.0,West Virginia,Hancock,12,0,1.0,0.0
54031.0,West Virginia,Hardy,15,0,3.0,0.0
54033.0,West Virginia,Harrison,33,1,0.0,0.0
54035.0,West Virginia,Jackson,136,15,0.0,0.0
54037.0,West Virginia,Jefferson,87,1,4.0,0.0
54039.0,West Virginia,Kanawha,180,10,8.0,0.0
54041.0,West Virginia,Lewis,4,0,0.0,0.0
54043.0,West Virginia,Lincoln,4,0,1.0,0.0
54045.0,West Virginia,Logan,13,1,-2.0,0.0
54049.0,West Virginia,Marion,46,2,0.0,0.0
54051.0,West Virginia,Marshall,20,0,0.0,0.0
54053.0,West Virginia,Mason,13,0,1.0,0.0
54047.0,West Virginia,McDowell,6,0,0.0,0.0
54055.0,West Virginia,Mercer,11,0,0.0,0.0
54057.0,West Virginia,Mineral,20,0,0.0,0.0
54059.0,West Virginia,Mingo,2,1,0.0,0.0
54061.0,West Virginia,Monongalia,111,5,0.0,0.0
54063.0,West Virginia,Monroe,6,0,0.0,0.0
54065.0,West Virginia,Morgan,16,0,0.0,0.0
54067.0,West Virginia,Nicholas,8,0,0.0,0.0
54069.0,West Virginia,Ohio,35,1,1.0,0.0
80054.0,West Virginia,Out of WV,0,0,0.0,0.0
54071.0,West Virginia,Pendleton,5,0,0.0,0.0
54073.0,West Virginia,Pleasants,2,0,0.0,0.0
54075.0,West Virginia,Pocahontas,2,0,0.0,0.0
54077.0,West Virginia,Preston,14,0,0.0,0.0
54079.0,West Virginia,Putnam,27,0,0.0,0.0
54081.0,West Virginia,Raleigh,9,0,0.0,0.0
54083.0,West Virginia,Randolph,5,0,0.0,0.0
54085.0,West Virginia,Ritchie,1,0,0.0,0.0
54087.0,West Virginia,Roane,8,0,0.0,0.0
54089.0,West Virginia,Summers,1,0,0.0,0.0
54091.0,West Virginia,Taylor,8,0,-1.0,0.0
54093.0,West Virginia,Tucker,4,0,0.0,0.0
54095.0,West Virginia,Tyler,3,0,0.0,0.0
90054.0,West Virginia,Unassigned,0,0,0.0,0.0
54097.0,West Virginia,Upshur,5,0,0.0,0.0
54099.0,West Virginia,Wayne,93,7,0.0,0.0
54101.0,West Virginia,Webster,0,0,0.0,0.0
54103.0,West Virginia,Wetzel,4,0,0.0,0.0
54105.0,West Virginia,Wirt,3,0,0.0,0.0
54107.0,West Virginia,Wood,43,2,1.0,0.0
54109.0,West Virginia,Wyoming,1,0,0.0,0.0
55001.0,Wisconsin,Adams,4,1,0.0,0.0
55003.0,Wisconsin,Ashland,2,0,0.0,0.0
55005.0,Wisconsin,Barron,10,0,3.0,0.0
55007.0,Wisconsin,Bayfield,3,1,0.0,0.0
55009.0,Wisconsin,Brown,1777,22,71.0,4.0
55011.0,Wisconsin,Buffalo,5,1,0.0,0.0
55013.0,Wisconsin,Burnett,0,0,0.0,0.0
55015.0,Wisconsin,Calumet,34,1,12.0,0.0
55017.0,Wisconsin,Chippewa,27,0,0.0,0.0
55019.0,Wisconsin,Clark,23,4,0.0,0.0
55021.0,Wisconsin,Columbia,32,1,0.0,0.0
55023.0,Wisconsin,Crawford,16,0,0.0,0.0
55025.0,Wisconsin,Dane,455,24,8.0,0.0
55027.0,Wisconsin,Dodge,51,1,5.0,0.0
55029.0,Wisconsin,Door,18,3,0.0,0.0
55031.0,Wisconsin,Douglas,10,0,0.0,0.0
55033.0,Wisconsin,Dunn,14,0,0.0,0.0
55035.0,Wisconsin,Eau Claire,50,0,3.0,0.0
55037.0,Wisconsin,Florence,2,0,0.0,0.0
55039.0,Wisconsin,Fond du Lac,85,3,1.0,0.0
55041.0,Wisconsin,Forest,1,0,0.0,0.0
55043.0,Wisconsin,Grant,66,7,0.0,0.0
55045.0,Wisconsin,Green,23,0,2.0,0.0
55047.0,Wisconsin,Green Lake,6,0,1.0,0.0
55049.0,Wisconsin,Iowa,10,0,0.0,0.0
55051.0,Wisconsin,Iron,2,1,0.0,0.0
55053.0,Wisconsin,Jackson,12,1,0.0,0.0
55055.0,Wisconsin,Jefferson,50,2,0.0,0.0
55057.0,Wisconsin,Juneau,21,1,1.0,0.0
55059.0,Wisconsin,Kenosha,627,15,17.0,0.0
55061.0,Wisconsin,Kewaunee,26,1,1.0,0.0
55063.0,Wisconsin,La Crosse,32,0,0.0,0.0
55065.0,Wisconsin,Lafayette,9,0,0.0,0.0
55067.0,Wisconsin,Langlade,0,0,0.0,0.0
55069.0,Wisconsin,Lincoln,1,0,0.0,0.0
55071.0,Wisconsin,Manitowoc,17,1,0.0,0.0
55073.0,Wisconsin,Marathon,22,1,1.0,0.0
55075.0,Wisconsin,Marinette,15,1,2.0,0.0
55077.0,Wisconsin,Marquette,3,1,0.0,0.0
55078.0,Wisconsin,Menominee,2,0,0.0,0.0
55079.0,Wisconsin,Milwaukee,3722,246,149.0,9.0
55081.0,Wisconsin,Monroe,14,1,0.0,0.0
55083.0,Wisconsin,Oconto,27,0,1.0,0.0
55085.0,Wisconsin,Oneida,7,0,1.0,0.0
80055.0,Wisconsin,Out of WI,0,0,0.0,0.0
55087.0,Wisconsin,Outagamie,105,2,12.0,0.0
55089.0,Wisconsin,Ozaukee,101,9,2.0,0.0
55091.0,Wisconsin,Pepin,0,0,0.0,0.0
55093.0,Wisconsin,Pierce,12,0,0.0,0.0
55095.0,Wisconsin,Polk,5,0,0.0,0.0
55097.0,Wisconsin,Portage,7,0,0.0,0.0
55099.0,Wisconsin,Price,1,0,0.0,0.0
55101.0,Wisconsin,Racine,634,17,44.0,0.0
55103.0,Wisconsin,Richland,13,2,0.0,0.0
55105.0,Wisconsin,Rock,343,12,19.0,0.0
55107.0,Wisconsin,Rusk,4,0,0.0,0.0
55111.0,Wisconsin,Sauk,69,3,0.0,0.0
55113.0,Wisconsin,Sawyer,4,0,0.0,0.0
55115.0,Wisconsin,Shawano,20,0,3.0,0.0
55117.0,Wisconsin,Sheboygan,65,3,0.0,1.0
55109.0,Wisconsin,St. Croix,26,0,3.0,0.0
55119.0,Wisconsin,Taylor,0,0,0.0,0.0
55121.0,Wisconsin,Trempealeau,5,0,0.0,0.0
90055.0,Wisconsin,Unassigned,0,0,0.0,0.0
55123.0,Wisconsin,Vernon,3,0,1.0,0.0
55125.0,Wisconsin,Vilas,4,0,0.0,0.0
55127.0,Wisconsin,Walworth,226,9,0.0,0.0
55129.0,Wisconsin,Washburn,1,0,0.0,0.0
55131.0,Wisconsin,Washington,114,4,1.0,0.0
55133.0,Wisconsin,Waukesha,387,24,7.0,1.0
55135.0,Wisconsin,Waupaca,11,1,1.0,0.0
55137.0,Wisconsin,Waushara,4,0,0.0,0.0
55139.0,Wisconsin,Winnebago,91,1,3.0,0.0
55141.0,Wisconsin,Wood,2,0,0.0,0.0
56001.0,Wyoming,Albany,8,0,0.0,0.0
56003.0,Wyoming,Big Horn,3,0,0.0,0.0
56005.0,Wyoming,Campbell,25,0,0.0,0.0
56007.0,Wyoming,Carbon,5,0,0.0,0.0
56009.0,Wyoming,Converse,23,0,0.0,0.0
56011.0,Wyoming,Crook,5,0,0.0,0.0
56013.0,Wyoming,Fremont,175,0,7.0,0.0
56015.0,Wyoming,Goshen,5,0,1.0,0.0
56017.0,Wyoming,Hot Springs,3,0,0.0,0.0
56019.0,Wyoming,Johnson,15,1,0.0,0.0
56021.0,Wyoming,Laramie,163,0,0.0,0.0
56023.0,Wyoming,Lincoln,10,0,0.0,0.0
56025.0,Wyoming,Natrona,48,0,0.0,0.0
56027.0,Wyoming,Niobrara,2,0,0.0,0.0
80056.0,Wyoming,Out of WY,0,0,0.0,0.0
56029.0,Wyoming,Park,1,0,0.0,0.0
56031.0,Wyoming,Platte,0,0,0.0,0.0
56033.0,Wyoming,Sheridan,16,0,0.0,0.0
56035.0,Wyoming,Sublette,3,0,0.0,0.0
56037.0,Wyoming,Sweetwater,19,0,0.0,0.0
56039.0,Wyoming,Teton,98,0,0.0,0.0
56041.0,Wyoming,Uinta,9,0,1.0,0.0
90056.0,Wyoming,Unassigned,0,6,0.0,0.0
56043.0,Wyoming,Washakie,8,0,0.0,0.0
56045.0,Wyoming,Weston,0,0,0.0,0.0
